0 33 -63.313315828816 0.99993385640995
0.1 47 -63.313320438965 0.99986597992946
0.2 47 -63.313320438986 0.99966247707523
0.3 47 -63.313320439016 0.99932372705354
0.4 47 -63.313320439034 0.99885036010548
0.5 47 -63.313320439044 0.99824325414482
0.6 47 -63.31332043906 0.99750352758521
0.7 47 -63.31332043908 0.99663253484371
0.8 47 -63.313320439091 0.99563185911075
0.9 47 -63.313320439102 0.99450329931704
1 47 -63.313320439112 0.99324886050367
1.1 62 -63.313320439122 0.99187074453454
1.2 62 -63.313320439129 0.99037133620935
1.3 62 -63.313320439136 0.98875318836288
1.4 62 -63.313320439141 0.9870190095105
1.5 62 -63.313320439146 0.98517164917545
1.6 62 -63.313320439152 0.98321408281298
1.7 62 -63.313320439155 0.98114939668492
1.8 62 -63.313320439159 0.97898077248795
1.9 62 -63.313320439162 0.9767114722007
2 62 -63.313320439166 0.97434482295059
2.1 77 -63.313320439169 0.97188420265819
2.2 77 -63.313320439173 0.96933302396023
2.3 77 -63.313320439177 0.96669472201297
2.4 77 -63.313320439181 0.96397274111089
2.5 77 -63.313320439186 0.96117052039046
2.6 77 -63.31332043919 0.95829148087909
2.7 77 -63.313320439196 0.95533901636934
2.8 77 -63.313320439199 0.95231648184503
2.9 77 -63.313320439204 0.94922718368796
3 77 -63.313320439208 0.94607437074093
3.1 95 -63.313320439216 0.94286118366715
3.2 95 -63.313320439224 0.93959076902131
3.3 95 -63.31332043923 0.9362661609163
3.4 95 -63.313320439235 0.93289030618854
3.5 95 -63.31332043924 0.92946606295279
3.6 95 -63.313320439244 0.92599618766556
3.7 95 -63.31332043925 0.92248334316406
3.8 95 -63.313320439256 0.91893009172827
3.9 95 -63.313320439261 0.91533889303862
4 95 -63.313320439268 0.91171210280777
4.1 115 -63.313320439271 0.90805199579854
4.2 115 -63.313320439275 0.90436069550608
4.3 115 -63.313320439278 0.90064024316895
4.4 115 -63.313320439282 0.89689257596378
4.5 115 -63.313320439286 0.89311952827921
4.6 115 -63.31332043929 0.88932283334416
4.7 115 -63.313320439295 0.88550412527733
4.8 115 -63.313320439298 0.88166494150176
4.9 115 -63.313320439302 0.87780672549287
5 115 -63.313320439306 0.87393082984381
5.1 137 -63.313320439309 0.87003853259567
5.2 137 -63.313320439313 0.86613100249719
5.3 137 -63.313320439316 0.86220934060457
5.4 137 -63.313320439319 0.85827457165684
5.5 137 -63.313320439323 0.85432764826225
5.6 137 -63.313320439325 0.8503694551166
5.7 137 -63.313320439329 0.84640081333582
5.8 137 -63.313320439332 0.84242248490856
5.9 137 -63.313320439337 0.83843517725266
6 137 -63.31332043934 0.83443954784343
6.1 159 -63.313320439344 0.83043621061774
6.2 159 -63.313320439349 0.82642573193876
6.3 159 -63.313320439356 0.82240862232651
6.4 159 -63.313320439365 0.81838538560437
6.5 159 -63.313320439374 0.81435652606988
6.6 159 -63.313320439378 0.81032253483959
6.7 159 -63.313320439385 0.80628383270911
6.8 159 -63.313320439387 0.80224084971762
6.9 159 -63.313320439389 0.79819397667675
7 159 -63.313320439391 0.79414361516974
7.1 181 -63.313320439392 0.79009016762811
7.2 181 -63.313320439398 0.78603403353725
7.3 181 -63.313320439403 0.78197561683965
7.4 181 -63.313320439407 0.77791532915867
7.5 181 -63.313320439412 0.77385359074337
7.6 181 -63.313320439417 0.76979083785888
7.7 181 -63.313320439421 0.76572750634888
7.8 181 -63.313320439425 0.76166404292147
7.9 181 -63.313320439427 0.75760091378579
8 181 -63.313320439431 0.75353857156594
8.1 199 -63.313320439435 0.74947756153135
8.2 199 -63.313320439438 0.74541838927338
8.3 199 -63.313320439441 0.74136157483957
8.4 199 -63.313320439444 0.73730765591722
8.5 199 -63.313320439447 0.73325718543528
8.6 199 -63.313320439448 0.72921073051779
8.7 199 -63.313320439451 0.72516887157379
8.8 199 -63.313320439453 0.72113220125001
8.9 199 -63.313320439455 0.71710132315369
9 199 -63.313320439458 0.71307685028022
9.1 217 -63.31332043946 0.7090594037114
9.2 217 -63.313320439462 0.70504960963188
9.3 217 -63.313320439465 0.70104809979134
9.4 217 -63.313320439467 0.69705551039086
9.5 217 -63.31332043947 0.6930724788115
9.6 217 -63.313320439473 0.68909963978798
9.7 217 -63.313320439477 0.68513762351255
9.8 217 -63.313320439481 0.68118705462481
9.9 217 -63.313320439483 0.67724855103834
10 217 -63.313320439488 0.6733227225532
10.1 239 -63.313320439492 0.66941016924475
10.2 239 -63.313320439496 0.66551148114309
10.3 239 -63.313320439501 0.66162723464063
10.4 239 -63.313320439504 0.65775799301583
10.5 239 -63.313320439509 0.65390430472978
10.6 239 -63.313320439513 0.65006670233765
10.7 239 -63.313320439517 0.6462457015456
10.8 239 -63.313320439522 0.64244180043304
10.9 239 -63.313320439526 0.63865547883664
11 239 -63.31332043953 0.63488719787649
11.1 262 -63.313320439534 0.63113739249367
11.2 262 -63.313320439538 0.62740648805906
11.3 262 -63.313320439542 0.62369488959246
11.4 262 -63.313320439546 0.6200029800914
11.5 262 -63.31332043955 0.61633115665021
11.6 262 -63.313320439552 0.61267976763579
11.7 262 -63.313320439553 0.60904913925939
11.8 262 -63.313320439554 0.60543956590252
11.9 262 -63.313320439554 0.60185135167763
12 262 -63.313320439556 0.5982847730856
12.1 285 -63.313320439557 0.59474008586914
12.2 285 -63.313320439559 0.59121753150871
12.3 285 -63.313320439561 0.58771733317603
12.4 285 -63.313320439562 0.58423970024196
12.5 285 -63.313320439563 0.58078482839548
12.6 285 -63.313320439564 0.57735290045712
12.7 285 -63.313320439566 0.57394408726311
12.8 285 -63.313320439567 0.5705585485816
12.9 285 -63.313320439568 0.56719643404651
13 285 -63.31332043957 0.56385788410193
13.1 308 -63.313320439572 0.56054303056313
13.2 308 -63.313320439573 0.55725199974386
13.3 308 -63.313320439574 0.5539849093502
13.4 308 -63.313320439575 0.55074187242437
13.5 308 -63.313320439576 0.54752299740438
13.6 308 -63.31332043958 0.54432832589519
13.7 308 -63.313320439583 0.54115799225836
13.8 308 -63.313320439587 0.53801213158319
13.9 308 -63.313320439591 0.53489084329292
14 308 -63.313320439593 0.53179422572506
14.1 333 -63.313320439596 0.52872237693357
14.2 333 -63.313320439599 0.52567539441844
14.3 333 -63.313320439602 0.52265337662096
14.4 333 -63.313320439604 0.51965642265124
14.5 333 -63.313320439607 0.51668463158196
14.6 333 -63.313320439608 0.51373810091524
14.7 333 -63.313320439611 0.51081692587603
14.8 333 -63.313320439613 0.50792120068699
14.9 333 -63.313320439615 0.50505101944163
15 333 -63.313320439616 0.50220647375612
15.1 351 -63.313320439618 0.4993876497291
15.2 351 -63.313320439619 0.49659463530851
15.3 351 -63.313320439621 0.49382754522126
15.4 351 -63.313320439623 0.49108651207809
15.5 351 -63.313320439625 0.4883716630071
15.6 351 -63.313320439627 0.48568311664609
15.7 351 -63.31332043963 0.4830209870154
15.8 351 -63.313320439632 0.48038538582868
15.9 351 -63.313320439635 0.47777642319096
16 351 -63.313320439637 0.47519420753628
16.1 371 -63.31332043964 0.47263884583948
16.2 371 -63.313320439643 0.47011044165509
16.3 371 -63.313320439646 0.4676090959724
16.4 371 -63.31332043965 0.46513490641124
16.5 371 -63.313320439653 0.46268796682864
16.6 371 -63.313320439656 0.46026836699134
16.7 371 -63.31332043966 0.45787619228248
16.8 371 -63.313320439664 0.45551152342213
16.9 371 -63.313320439667 0.45317443618991
17 371 -63.313320439672 0.45086500114261
17.1 398 -63.313320439675 0.44858328230222
17.2 398 -63.313320439679 0.44632933976044
17.3 398 -63.313320439681 0.44410322604786
17.4 398 -63.313320439685 0.4419049868085
17.5 398 -63.313320439688 0.43973465991447
17.6 398 -63.313320439693 0.43759227449739
17.7 398 -63.313320439695 0.43547784981677
17.8 398 -63.313320439699 0.4333913939334
17.9 398 -63.313320439702 0.43133290255872
18 398 -63.313320439703 0.42930236006966
18.1 425 -63.313320439707 0.42729974555874
18.2 425 -63.313320439711 0.42532504590643
18.3 425 -63.313320439713 0.42337825959215
18.4 425 -63.313320439718 0.4214593848464
18.5 425 -63.313320439722 0.41956841043178
18.6 425 -63.313320439723 0.41770545261913
18.7 425 -63.313320439725 0.41587034916604
18.8 425 -63.313320439726 0.41406305343514
18.9 425 -63.313320439729 0.41228351144068
19 425 -63.313320439732 0.41053166279465
19.1 452 -63.313320439733 0.40880744201556
19.2 452 -63.313320439735 0.40711077869448
19.3 452 -63.313320439737 0.4054415952926
19.4 452 -63.313320439739 0.40379980979367
19.5 452 -63.313320439743 0.40218536606673
19.6 452 -63.313320439746 0.40059815534073
19.7 452 -63.313320439747 0.39903802746069
19.8 452 -63.31332043975 0.39750492532574
19.9 452 -63.313320439751 0.39599874573257
20 452 -63.313320439754 0.39451938239402
20.1 479 -63.313320439754 0.39306672633188
20.2 479 -63.313320439756 0.39164066721022
20.3 479 -63.313320439758 0.39024109323499
20.4 479 -63.31332043976 0.38886789079181
20.5 479 -63.313320439764 0.38752090907535
20.6 479 -63.313320439768 0.38620007953442
20.7 479 -63.313320439771 0.38490528152099
20.8 479 -63.313320439775 0.38363639211607
20.9 479 -63.313320439779 0.38239328605137
21 479 -63.313320439782 0.38117583444229
21.1 506 -63.313320439785 0.37998390122714
21.2 506 -63.313320439788 0.37881733980232
21.3 506 -63.313320439791 0.37767599117056
21.4 506 -63.313320439794 0.3765596982227
21.5 506 -63.313320439796 0.37546832364739
21.6 506 -63.3133204398 0.37440174940391
21.7 506 -63.313320439804 0.37335986431094
21.8 506 -63.313320439808 0.37234255573253
21.9 506 -63.313320439811 0.3713497071748
22 506 -63.313320439814 0.37038119823143
22.1 512 -63.313320439818 0.36943690504914
22.2 512 -63.313320439821 0.36851670093454
22.3 512 -63.313320439825 0.36762045670565
22.4 512 -63.313320439829 0.36674804020827
