17:22:56: Starting /home/yurielnf/Documents/projects/it_irlm/build-tdvp-Desktop-Release/example/irlm_star...
bond dimension of H: 5

sweep bond-dim energy
1 12 -13.5004
2 84 -17.6224
3 128 -21.4992
4 22 -24.169
5 17 -26.6537
6 16 -29.0794
7 21 -30.6014
8 22 -31.9176
9 24 -33.1818
10 22 -35.1632
11 25 -36.4713
12 26 -37.6011
13 30 -38.6978
14 31 -39.7244
15 36 -40.71
16 40 -41.4812
17 36 -41.4814
18 36 -41.4814
19 36 -41.4814
20 36 -41.4814
1 2 4 7 11 19 25 29 27 28 25 25 23 22 22 22 21 21 20 19 19 19 18 18 17 17 16 15 15 14 14 14 14 14 14 12 12 12 12 11 11 10 11 10 10 10 10 10 9 9 9 9 9 9 9 9 9 8 7 7 7 6 6 6 6 6 6 6 5 5 5 5 5 5 5 5 5 5 5 5 5 5 4 4 4 4 4 4 4 4 4 4 3 3 3 3 3 3 3 2 

-------------------------- evolve the psi with new Hamiltonian ----------------
bond dimension of H: 5
sweep bond-dim energy
0 29 -31.482
n00=0.9999335591
evals=
  -8.7181e-17
  -1.1402e-17
   4.6480e-17
   3.0689e-16
   3.7252e-16
   8.3171e-16
   1.3246e-15
   2.2593e-15
   3.7157e-15
   6.5179e-15
   2.8453e-14
   5.9890e-14
   1.4773e-13
   6.4716e-13
   1.6700e-12
   4.2349e-12
   4.2724e-12
   7.6272e-12
   8.1990e-12
   8.4995e-12
   1.1148e-11
   1.9069e-11
   1.9915e-11
   2.1063e-11
   2.9172e-11
   7.0602e-11
   8.7197e-11
   1.0032e-10
   1.1514e-10
   1.3375e-10
   1.9810e-10
   2.3074e-10
   3.4402e-10
   4.0591e-10
   4.4306e-10
   5.0744e-10
   7.8833e-10
   9.7112e-10
   1.2610e-09
   1.3997e-09
   1.6662e-09
   2.0701e-09
   2.4540e-09
   3.2528e-09
   5.3494e-09
   8.6261e-09
   1.0087e-08
   1.5998e-08
   1.8299e-08
   2.2478e-08
   1.0000e+00
   1.0000e+00
   1.0000e+00
   1.0000e+00
   1.0000e+00
   1.0000e+00
   1.0000e+00
   1.0000e+00
   1.0000e+00
   1.0000e+00
   1.0000e+00
   1.0000e+00
   1.0000e+00
   1.0000e+00
   1.0000e+00
   1.0000e+00
   1.0000e+00
   1.0000e+00
   1.0000e+00
   1.0000e+00
   1.0000e+00
   1.0000e+00
   1.0000e+00
   1.0000e+00
   1.0000e+00
   1.0000e+00
   1.0000e+00
   1.0000e+00
   1.0000e+00
   1.0000e+00
   1.0000e+00
   1.0000e+00
   1.0000e+00
   1.0000e+00
   1.0000e+00
   1.0000e+00
   1.0000e+00
   1.0000e+00
   1.0000e+00
   1.0000e+00
   1.0000e+00
   1.0000e+00
   1.0000e+00
   1.0000e+00
   1.0000e+00
   1.0000e+00
   1.0000e+00
   1.0000e+00
   1.0000e+00
   1.0000e+00
0.1 34 -31.48201579
0.2 35 -31.48201579
0.3 35 -31.48201579
0.4 37 -31.4820158
0.5 37 -31.4820158
0.6 38 -31.4820158
0.7 39 -31.4820158
0.8 39 -31.4820158
0.9 40 -31.4820158
1 40 -31.4820158
n00=0.9932198798
evals=
   4.7196e-17
   1.9047e-15
   4.1022e-15
   6.3167e-15
   1.1098e-14
   1.4058e-14
   1.8551e-14
   3.4957e-14
   7.7143e-14
   1.3182e-13
   1.8930e-13
   1.2030e-12
   1.8707e-12
   2.0610e-12
   7.1544e-12
   8.5438e-12
   8.9556e-12
   1.2643e-11
   1.8133e-11
   2.1849e-11
   3.1348e-11
   4.5178e-11
   8.4562e-11
   1.1105e-10
   1.2204e-10
   1.4641e-10
   1.7588e-10
   2.2903e-10
   2.6690e-10
   3.7181e-10
   3.7925e-10
   4.8686e-10
   5.5616e-10
   6.5811e-10
   9.2974e-10
   1.1138e-09
   1.2411e-09
   1.3351e-09
   1.4657e-09
   1.9582e-09
   2.4976e-09
   3.2129e-09
   3.4415e-09
   4.1313e-09
   7.4997e-09
   8.7229e-09
   1.6021e-08
   2.8394e-08
   7.7607e-07
   6.3298e-03
   9.9367e-01
   1.0000e+00
   1.0000e+00
   1.0000e+00
   1.0000e+00
   1.0000e+00
   1.0000e+00
   1.0000e+00
   1.0000e+00
   1.0000e+00
   1.0000e+00
   1.0000e+00
   1.0000e+00
   1.0000e+00
   1.0000e+00
   1.0000e+00
   1.0000e+00
   1.0000e+00
   1.0000e+00
   1.0000e+00
   1.0000e+00
   1.0000e+00
   1.0000e+00
   1.0000e+00
   1.0000e+00
   1.0000e+00
   1.0000e+00
   1.0000e+00
   1.0000e+00
   1.0000e+00
   1.0000e+00
   1.0000e+00
   1.0000e+00
   1.0000e+00
   1.0000e+00
   1.0000e+00
   1.0000e+00
   1.0000e+00
   1.0000e+00
   1.0000e+00
   1.0000e+00
   1.0000e+00
   1.0000e+00
   1.0000e+00
   1.0000e+00
   1.0000e+00
   1.0000e+00
   1.0000e+00
   1.0000e+00
   1.0000e+00
1.1 41 -31.4820158
1.2 41 -31.4820158
1.3 41 -31.4820158
1.4 41 -31.4820158
1.5 42 -31.4820158
1.6 42 -31.4820158
1.7 42 -31.4820158
1.8 43 -31.4820158
1.9 43 -31.4820158
2 43 -31.4820158
n00=0.9742332638
evals=
  -1.1997e-16
   5.8610e-15
   1.2059e-14
   2.4034e-14
   2.7484e-14
   6.0581e-14
   7.8051e-14
   8.8067e-14
   1.4886e-13
   1.9803e-13
   3.4322e-13
   6.0365e-13
   2.0551e-12
   6.6988e-12
   1.5853e-11
   2.5594e-11
   2.8468e-11
   2.9831e-11
   3.7006e-11
   7.1761e-11
   9.0084e-11
   1.2360e-10
   1.3630e-10
   1.7101e-10
   2.1327e-10
   2.6602e-10
   3.1854e-10
   3.7485e-10
   5.4677e-10
   5.9478e-10
   7.7396e-10
   9.3274e-10
   1.0972e-09
   1.1380e-09
   1.1767e-09
   1.3452e-09
   1.3899e-09
   2.0150e-09
   2.3862e-09
   2.5186e-09
   3.4331e-09
   4.6871e-09
   6.4160e-09
   8.3443e-09
   1.4854e-08
   2.6424e-08
   3.9818e-08
   2.2333e-06
   3.6794e-05
   2.2434e-02
   9.7757e-01
   9.9996e-01
   1.0000e+00
   1.0000e+00
   1.0000e+00
   1.0000e+00
   1.0000e+00
   1.0000e+00
   1.0000e+00
   1.0000e+00
   1.0000e+00
   1.0000e+00
   1.0000e+00
   1.0000e+00
   1.0000e+00
   1.0000e+00
   1.0000e+00
   1.0000e+00
   1.0000e+00
   1.0000e+00
   1.0000e+00
   1.0000e+00
   1.0000e+00
   1.0000e+00
   1.0000e+00
   1.0000e+00
   1.0000e+00
   1.0000e+00
   1.0000e+00
   1.0000e+00
   1.0000e+00
   1.0000e+00
   1.0000e+00
   1.0000e+00
   1.0000e+00
   1.0000e+00
   1.0000e+00
   1.0000e+00
   1.0000e+00
   1.0000e+00
   1.0000e+00
   1.0000e+00
   1.0000e+00
   1.0000e+00
   1.0000e+00
   1.0000e+00
   1.0000e+00
   1.0000e+00
   1.0000e+00
   1.0000e+00
2.1 43 -31.4820158
2.2 43 -31.4820158
2.3 44 -31.4820158
2.4 44 -31.4820158
2.5 44 -31.4820158
2.6 44 -31.4820158
2.7 44 -31.4820158
2.8 44 -31.4820158
2.9 45 -31.4820158
3 45 -31.4820158
n00=0.9458349533
evals=
   2.6244e-16
   9.0308e-15
   1.9827e-14
   4.5375e-14
   5.8929e-14
   1.0255e-13
   1.9286e-13
   6.2869e-13
   9.8372e-13
   1.3173e-12
   2.8697e-12
   5.6374e-12
   1.0113e-11
   1.8030e-11
   2.9925e-11
   5.9666e-11
   6.9652e-11
   7.1897e-11
   1.1829e-10
   1.2663e-10
   1.7689e-10
   1.8941e-10
   2.7694e-10
   2.9612e-10
   4.4120e-10
   4.5357e-10
   4.9322e-10
   7.1841e-10
   8.1593e-10
   9.7895e-10
   1.1437e-09
   1.2547e-09
   1.3274e-09
   1.6762e-09
   2.0098e-09
   2.1591e-09
   3.0748e-09
   3.5244e-09
   4.2998e-09
   5.0537e-09
   6.7158e-09
   9.9832e-09
   1.2413e-08
   2.2462e-08
   3.1088e-08
   9.5374e-08
   1.4713e-07
   4.1873e-05
   2.7192e-04
   4.3728e-02
   9.5627e-01
   9.9970e-01
   9.9999e-01
   1.0000e+00
   1.0000e+00
   1.0000e+00
   1.0000e+00
   1.0000e+00
   1.0000e+00
   1.0000e+00
   1.0000e+00
   1.0000e+00
   1.0000e+00
   1.0000e+00
   1.0000e+00
   1.0000e+00
   1.0000e+00
   1.0000e+00
   1.0000e+00
   1.0000e+00
   1.0000e+00
   1.0000e+00
   1.0000e+00
   1.0000e+00
   1.0000e+00
   1.0000e+00
   1.0000e+00
   1.0000e+00
   1.0000e+00
   1.0000e+00
   1.0000e+00
   1.0000e+00
   1.0000e+00
   1.0000e+00
   1.0000e+00
   1.0000e+00
   1.0000e+00
   1.0000e+00
   1.0000e+00
   1.0000e+00
   1.0000e+00
   1.0000e+00
   1.0000e+00
   1.0000e+00
   1.0000e+00
   1.0000e+00
   1.0000e+00
   1.0000e+00
   1.0000e+00
   1.0000e+00
3.1 45 -31.4820158
3.2 45 -31.4820158
3.3 45 -31.4820158
3.4 45 -31.4820158
3.5 45 -31.4820158
3.6 45 -31.4820158
3.7 45 -31.4820158
3.8 45 -31.4820158
3.9 45 -31.4820158
4 45 -31.4820158
n00=0.9113010965
evals=
  -2.3756e-16
   1.4905e-14
   3.8947e-14
   9.3658e-14
   1.1648e-13
   3.6387e-13
   5.8414e-13
   1.9030e-12
   5.5908e-12
   8.4195e-12
   9.7691e-12
   3.0330e-11
   4.3746e-11
   6.9635e-11
   9.5151e-11
   1.3214e-10
   1.3681e-10
   1.4800e-10
   1.9789e-10
   2.2350e-10
   2.8575e-10
   4.4416e-10
   5.3103e-10
   5.9020e-10
   6.5780e-10
   8.2833e-10
   8.8286e-10
   1.0047e-09
   1.1032e-09
   1.2574e-09
   1.3516e-09
   1.5837e-09
   1.9555e-09
   2.1255e-09
   2.7726e-09
   3.7172e-09
   4.4678e-09
   5.5479e-09
   5.9594e-09
   9.0099e-09
   1.2827e-08
   1.4523e-08
   3.1557e-08
   5.6643e-08
   6.2052e-08
   2.0957e-07
   1.2478e-06
   2.5597e-04
   9.1529e-04
   6.8094e-02
   9.3187e-01
   9.9894e-01
   9.9993e-01
   1.0000e+00
   1.0000e+00
   1.0000e+00
   1.0000e+00
   1.0000e+00
   1.0000e+00
   1.0000e+00
   1.0000e+00
   1.0000e+00
   1.0000e+00
   1.0000e+00
   1.0000e+00
   1.0000e+00
   1.0000e+00
   1.0000e+00
   1.0000e+00
   1.0000e+00
   1.0000e+00
   1.0000e+00
   1.0000e+00
   1.0000e+00
   1.0000e+00
   1.0000e+00
   1.0000e+00
   1.0000e+00
   1.0000e+00
   1.0000e+00
   1.0000e+00
   1.0000e+00
   1.0000e+00
   1.0000e+00
   1.0000e+00
   1.0000e+00
   1.0000e+00
   1.0000e+00
   1.0000e+00
   1.0000e+00
   1.0000e+00
   1.0000e+00
   1.0000e+00
   1.0000e+00
   1.0000e+00
   1.0000e+00
   1.0000e+00
   1.0000e+00
   1.0000e+00
   1.0000e+00
4.1 46 -31.4820158
4.2 46 -31.4820158
4.3 46 -31.4820158
4.4 46 -31.4820158
4.5 46 -31.4820158
4.6 47 -31.4820158
4.7 47 -31.4820158
4.8 47 -31.4820158
4.9 47 -31.4820158
5 47 -31.4820158
n00=0.8732934677
evals=
  -1.4623e-16
   2.2723e-14
   6.7723e-14
   7.1691e-14
   1.2841e-13
   4.7537e-13
   8.5692e-13
   1.3599e-12
   2.0857e-12
   4.0525e-12
   1.0126e-11
   1.6403e-11
   7.3664e-11
   9.6632e-11
   1.1951e-10
   1.9215e-10
   2.6150e-10
   2.7877e-10
   3.0841e-10
   3.3908e-10
   6.0799e-10
   6.5673e-10
   7.3046e-10
   7.9192e-10
   9.0202e-10
   9.5035e-10
   1.1135e-09
   1.4122e-09
   1.4538e-09
   1.8093e-09
   1.9265e-09
   2.6548e-09
   2.7651e-09
   3.2246e-09
   3.7129e-09
   4.4561e-09
   5.0150e-09
   6.9306e-09
   9.4342e-09
   1.1615e-08
   1.4984e-08
   2.1551e-08
   3.3354e-08
   1.2350e-07
   1.9387e-07
   3.3133e-07
   7.5905e-06
   7.9595e-04
   2.0093e-03
   9.4562e-02
   9.0530e-01
   9.9753e-01
   9.9980e-01
   1.0000e+00
   1.0000e+00
   1.0000e+00
   1.0000e+00
   1.0000e+00
   1.0000e+00
   1.0000e+00
   1.0000e+00
   1.0000e+00
   1.0000e+00
   1.0000e+00
   1.0000e+00
   1.0000e+00
   1.0000e+00
   1.0000e+00
   1.0000e+00
   1.0000e+00
   1.0000e+00
   1.0000e+00
   1.0000e+00
   1.0000e+00
   1.0000e+00
   1.0000e+00
   1.0000e+00
   1.0000e+00
   1.0000e+00
   1.0000e+00
   1.0000e+00
   1.0000e+00
   1.0000e+00
   1.0000e+00
   1.0000e+00
   1.0000e+00
   1.0000e+00
   1.0000e+00
   1.0000e+00
   1.0000e+00
   1.0000e+00
   1.0000e+00
   1.0000e+00
   1.0000e+00
   1.0000e+00
   1.0000e+00
   1.0000e+00
   1.0000e+00
   1.0000e+00
   1.0000e+00
5.1 48 -31.4820158
5.2 48 -31.4820158
5.3 48 -31.4820158
5.4 48 -31.4820158
5.5 48 -31.4820158
5.6 49 -31.4820158
5.7 49 -31.4820158
5.8 49 -31.4820158
5.9 50 -31.4820158
6 50 -31.4820158
n00=0.8335053547
evals=
   5.8052e-16
   1.9944e-14
   3.1084e-14
   1.4701e-13
   2.0838e-13
   4.2549e-13
   7.6839e-13
   1.8039e-12
   5.1846e-12
   1.3406e-11
   1.3893e-11
   6.2103e-11
   1.2851e-10
   1.6867e-10
   1.9476e-10
   2.7760e-10
   3.6354e-10
   4.0730e-10
   5.1821e-10
   7.8451e-10
   8.9995e-10
   9.4070e-10
   9.8238e-10
   1.1921e-09
   1.3222e-09
   1.3539e-09
   1.4236e-09
   2.1022e-09
   2.3071e-09
   2.3156e-09
   2.6533e-09
   3.4133e-09
   4.1558e-09
   4.4337e-09
   4.8095e-09
   5.2569e-09
   7.1935e-09
   8.2534e-09
   1.2202e-08
   1.3754e-08
   2.1826e-08
   5.0410e-08
   8.2274e-08
   1.6779e-07
   3.6582e-07
   1.5403e-06
   2.9532e-05
   1.6209e-03
   3.3923e-03
   1.2195e-01
   8.7774e-01
   9.9565e-01
   9.9963e-01
   9.9999e-01
   1.0000e+00
   1.0000e+00
   1.0000e+00
   1.0000e+00
   1.0000e+00
   1.0000e+00
   1.0000e+00
   1.0000e+00
   1.0000e+00
   1.0000e+00
   1.0000e+00
   1.0000e+00
   1.0000e+00
   1.0000e+00
   1.0000e+00
   1.0000e+00
   1.0000e+00
   1.0000e+00
   1.0000e+00
   1.0000e+00
   1.0000e+00
   1.0000e+00
   1.0000e+00
   1.0000e+00
   1.0000e+00
   1.0000e+00
   1.0000e+00
   1.0000e+00
   1.0000e+00
   1.0000e+00
   1.0000e+00
   1.0000e+00
   1.0000e+00
   1.0000e+00
   1.0000e+00
   1.0000e+00
   1.0000e+00
   1.0000e+00
   1.0000e+00
   1.0000e+00
   1.0000e+00
   1.0000e+00
   1.0000e+00
   1.0000e+00
   1.0000e+00
   1.0000e+00
6.1 50 -31.4820158
6.2 50 -31.4820158
6.3 50 -31.4820158
6.4 50 -31.4820158
6.5 51 -31.4820158
6.6 51 -31.4820158
6.7 51 -31.4820158
6.8 51 -31.4820158
6.9 51 -31.4820158
7 52 -31.48201581
n00=0.7928368647
evals=
   2.5053e-16
   5.0678e-14
   9.3770e-14
   2.1037e-13
   2.3561e-13
   1.0723e-12
   3.2996e-12
   5.3229e-12
   1.8063e-11
   2.7902e-11
   4.5008e-11
   5.7844e-11
   2.4051e-10
   2.6234e-10
   4.1761e-10
   5.2027e-10
   6.8379e-10
   8.7061e-10
   1.0018e-09
   1.0610e-09
   1.0941e-09
   1.2212e-09
   1.3519e-09
   1.5411e-09
   1.7133e-09
   1.7697e-09
   2.1463e-09
   2.6497e-09
   2.7440e-09
   3.3282e-09
   3.7161e-09
   4.0054e-09
   5.2865e-09
   5.9617e-09
   6.8448e-09
   8.8070e-09
   9.7339e-09
   1.1755e-08
   1.5229e-08
   1.8870e-08
   3.2856e-08
   1.3387e-07
   1.8909e-07
   2.7010e-07
   3.5362e-07
   7.4275e-06
   8.2908e-05
   2.5387e-03
   4.9086e-03
   1.4936e-01
   8.5012e-01
   9.9361e-01
   9.9942e-01
   9.9996e-01
   1.0000e+00
   1.0000e+00
   1.0000e+00
   1.0000e+00
   1.0000e+00
   1.0000e+00
   1.0000e+00
   1.0000e+00
   1.0000e+00
   1.0000e+00
   1.0000e+00
   1.0000e+00
   1.0000e+00
   1.0000e+00
   1.0000e+00
   1.0000e+00
   1.0000e+00
   1.0000e+00
   1.0000e+00
   1.0000e+00
   1.0000e+00
   1.0000e+00
   1.0000e+00
   1.0000e+00
   1.0000e+00
   1.0000e+00
   1.0000e+00
   1.0000e+00
   1.0000e+00
   1.0000e+00
   1.0000e+00
   1.0000e+00
   1.0000e+00
   1.0000e+00
   1.0000e+00
   1.0000e+00
   1.0000e+00
   1.0000e+00
   1.0000e+00
   1.0000e+00
   1.0000e+00
   1.0000e+00
   1.0000e+00
   1.0000e+00
   1.0000e+00
   1.0000e+00
7.1 52 -31.48201581
7.2 52 -31.48201581
7.3 52 -31.48201581
7.4 52 -31.48201581
7.5 52 -31.48201581
7.6 52 -31.48201581
7.7 53 -31.48201581
7.8 53 -31.48201581
7.9 53 -31.48201581
8 54 -31.48201581
n00=0.7517855561
evals=
  -1.1391e-16
   3.4290e-14
   8.9659e-14
   2.1853e-13
   3.5096e-13
   7.9036e-13
   9.6860e-13
   2.0982e-12
   4.4998e-12
   1.3353e-11
   3.9260e-11
   4.4860e-11
   2.9653e-10
   4.0750e-10
   4.6967e-10
   6.2953e-10
   6.5077e-10
   9.2379e-10
   1.0363e-09
   1.1975e-09
   1.2197e-09
   1.5242e-09
   1.6525e-09
   1.9080e-09
   2.0081e-09
   2.1686e-09
   2.4321e-09
   3.1550e-09
   3.2996e-09
   4.1866e-09
   4.3688e-09
   4.5305e-09
   5.8230e-09
   7.1769e-09
   7.6185e-09
   1.1076e-08
   1.1919e-08
   1.5908e-08
   1.9745e-08
   3.3798e-08
   4.9328e-08
   1.0145e-07
   1.4289e-07
   3.9975e-07
   6.7237e-07
   2.5023e-05
   1.7236e-04
   3.4558e-03
   6.5000e-03
   1.7621e-01
   8.2303e-01
   9.9154e-01
   9.9916e-01
   9.9991e-01
   1.0000e+00
   1.0000e+00
   1.0000e+00
   1.0000e+00
   1.0000e+00
   1.0000e+00
   1.0000e+00
   1.0000e+00
   1.0000e+00
   1.0000e+00
   1.0000e+00
   1.0000e+00
   1.0000e+00
   1.0000e+00
   1.0000e+00
   1.0000e+00
   1.0000e+00
   1.0000e+00
   1.0000e+00
   1.0000e+00
   1.0000e+00
   1.0000e+00
   1.0000e+00
   1.0000e+00
   1.0000e+00
   1.0000e+00
   1.0000e+00
   1.0000e+00
   1.0000e+00
   1.0000e+00
   1.0000e+00
   1.0000e+00
   1.0000e+00
   1.0000e+00
   1.0000e+00
   1.0000e+00
   1.0000e+00
   1.0000e+00
   1.0000e+00
   1.0000e+00
   1.0000e+00
   1.0000e+00
   1.0000e+00
   1.0000e+00
   1.0000e+00
   1.0000e+00
8.1 54 -31.48201581
8.2 55 -31.48201581
8.3 55 -31.48201581
8.4 55 -31.48201581
8.5 55 -31.48201581
8.6 56 -31.48201581
8.7 56 -31.48201581
8.8 56 -31.48201581
8.9 56 -31.48201581
9 56 -31.48201581
n00=0.7108140331
evals=
   5.4811e-16
   4.5240e-14
   1.9248e-13
   2.5785e-13
   4.6105e-13
   1.0886e-12
   1.8162e-12
   2.4254e-12
   4.2413e-12
   1.0247e-11
   1.1722e-10
   1.2198e-10
   4.1621e-10
   4.4144e-10
   6.2713e-10
   6.4830e-10
   7.8102e-10
   1.1308e-09
   1.2283e-09
   1.3870e-09
   1.4502e-09
   1.5191e-09
   1.7593e-09
   2.0558e-09
   2.3709e-09
   2.5375e-09
   2.5575e-09
   3.6498e-09
   3.9656e-09
   4.5232e-09
   5.2402e-09
   5.5728e-09
   6.8442e-09
   8.0924e-09
   9.0287e-09
   1.3175e-08
   1.4045e-08
   1.9327e-08
   2.3351e-08
   3.3935e-08
   7.3892e-08
   1.0901e-07
   1.8355e-07
   4.0875e-07
   2.1936e-06
   6.1151e-05
   2.7580e-04
   4.4169e-03
   8.1583e-03
   2.0174e-01
   7.9722e-01
   9.8945e-01
   9.9882e-01
   9.9986e-01
   9.9999e-01
   1.0000e+00
   1.0000e+00
   1.0000e+00
   1.0000e+00
   1.0000e+00
   1.0000e+00
   1.0000e+00
   1.0000e+00
   1.0000e+00
   1.0000e+00
   1.0000e+00
   1.0000e+00
   1.0000e+00
   1.0000e+00
   1.0000e+00
   1.0000e+00
   1.0000e+00
   1.0000e+00
   1.0000e+00
   1.0000e+00
   1.0000e+00
   1.0000e+00
   1.0000e+00
   1.0000e+00
   1.0000e+00
   1.0000e+00
   1.0000e+00
   1.0000e+00
   1.0000e+00
   1.0000e+00
   1.0000e+00
   1.0000e+00
   1.0000e+00
   1.0000e+00
   1.0000e+00
   1.0000e+00
   1.0000e+00
   1.0000e+00
   1.0000e+00
   1.0000e+00
   1.0000e+00
   1.0000e+00
   1.0000e+00
   1.0000e+00
   1.0000e+00
9.1 56 -31.48201581
9.2 57 -31.48201581
9.3 57 -31.48201581
9.4 57 -31.48201581
9.5 57 -31.48201581
9.6 58 -31.48201581
9.7 59 -31.48201581
9.8 59 -31.48201581
9.9 59 -31.48201581
10 59 -31.48201581
n00=0.6704959793
evals=
   2.9714e-16
   4.0827e-14
   1.8895e-13
   3.7957e-13
   4.8007e-13
   1.8368e-12
   4.5243e-12
   5.1369e-12
   1.0515e-11
   3.1571e-11
   7.2030e-11
   1.0480e-10
   3.0426e-10
   3.8063e-10
   5.4492e-10
   7.5259e-10
   9.7888e-10
   1.1192e-09
   1.3568e-09
   1.5836e-09
   1.6404e-09
   1.7091e-09
   2.1123e-09
   2.6363e-09
   2.9103e-09
   3.0924e-09
   3.3034e-09
   4.1983e-09
   4.7235e-09
   5.2675e-09
   6.0901e-09
   7.6310e-09
   8.3812e-09
   9.3385e-09
   1.0288e-08
   1.4211e-08
   1.6200e-08
   1.9528e-08
   2.7886e-08
   3.4858e-08
   1.0774e-07
   2.1362e-07
   2.9036e-07
   5.4575e-07
   6.6697e-06
   1.0789e-04
   3.7512e-04
   5.4451e-03
   9.8979e-03
   2.2526e-01
   7.7338e-01
   9.8734e-01
   9.9841e-01
   9.9980e-01
   9.9999e-01
   1.0000e+00
   1.0000e+00
   1.0000e+00
   1.0000e+00
   1.0000e+00
   1.0000e+00
   1.0000e+00
   1.0000e+00
   1.0000e+00
   1.0000e+00
   1.0000e+00
   1.0000e+00
   1.0000e+00
   1.0000e+00
   1.0000e+00
   1.0000e+00
   1.0000e+00
   1.0000e+00
   1.0000e+00
   1.0000e+00
   1.0000e+00
   1.0000e+00
   1.0000e+00
   1.0000e+00
   1.0000e+00
   1.0000e+00
   1.0000e+00
   1.0000e+00
   1.0000e+00
   1.0000e+00
   1.0000e+00
   1.0000e+00
   1.0000e+00
   1.0000e+00
   1.0000e+00
   1.0000e+00
   1.0000e+00
   1.0000e+00
   1.0000e+00
   1.0000e+00
   1.0000e+00
   1.0000e+00
   1.0000e+00
   1.0000e+00
   1.0000e+00
10.1 59 -31.48201581
10.2 59 -31.48201581
10.3 60 -31.48201581
10.4 60 -31.48201581
10.5 60 -31.48201581
10.6 60 -31.48201581
10.7 60 -31.48201581
10.8 61 -31.48201581
10.9 61 -31.48201581
11 61 -31.48201581
n00=0.6314402822
evals=
  -2.7362e-16
   1.7735e-14
   1.0862e-13
   4.2521e-13
   7.1445e-13
   1.4718e-12
   2.2218e-12
   6.2359e-12
   1.7891e-11
   1.1392e-10
   1.4321e-10
   1.6491e-10
   5.0701e-10
   6.0272e-10
   9.2016e-10
   9.3203e-10
   1.0938e-09
   1.1925e-09
   1.2860e-09
   1.7467e-09
   1.8993e-09
   2.0901e-09
   2.1864e-09
   2.9497e-09
   3.2117e-09
   3.3406e-09
   4.0052e-09
   4.6612e-09
   5.3745e-09
   6.6922e-09
   6.9248e-09
   9.4012e-09
   1.0597e-08
   1.1675e-08
   1.3028e-08
   1.5110e-08
   1.8872e-08
   2.1316e-08
   3.0862e-08
   5.7479e-08
   9.4713e-08
   1.4925e-07
   5.2586e-07
   8.9824e-07
   1.5167e-05
   1.4583e-04
   4.7059e-04
   6.5627e-03
   1.1657e-02
   2.4627e-01
   7.5200e-01
   9.8523e-01
   9.9793e-01
   9.9974e-01
   9.9998e-01
   9.9999e-01
   1.0000e+00
   1.0000e+00
   1.0000e+00
   1.0000e+00
   1.0000e+00
   1.0000e+00
   1.0000e+00
   1.0000e+00
   1.0000e+00
   1.0000e+00
   1.0000e+00
   1.0000e+00
   1.0000e+00
   1.0000e+00
   1.0000e+00
   1.0000e+00
   1.0000e+00
   1.0000e+00
   1.0000e+00
   1.0000e+00
   1.0000e+00
   1.0000e+00
   1.0000e+00
   1.0000e+00
   1.0000e+00
   1.0000e+00
   1.0000e+00
   1.0000e+00
   1.0000e+00
   1.0000e+00
   1.0000e+00
   1.0000e+00
   1.0000e+00
   1.0000e+00
   1.0000e+00
   1.0000e+00
   1.0000e+00
   1.0000e+00
   1.0000e+00
   1.0000e+00
   1.0000e+00
   1.0000e+00
   1.0000e+00
   1.0000e+00
11.1 61 -31.48201581
11.2 61 -31.48201581
11.3 61 -31.48201581
11.4 61 -31.48201581
11.5 61 -31.48201581
11.6 62 -31.48201581
11.7 63 -31.48201581
11.8 63 -31.48201581
11.9 63 -31.48201581
12 63 -31.48201581
n00=0.5941560903
evals=
   7.5291e-16
   2.2448e-14
   1.0848e-13
   3.2271e-13
   6.1463e-13
   2.0537e-12
   2.6141e-12
   6.4690e-12
   2.3464e-11
   6.4825e-11
   1.1040e-10
   1.9938e-10
   5.6854e-10
   1.0295e-09
   1.0759e-09
   1.2009e-09
   1.4235e-09
   1.4689e-09
   1.9233e-09
   2.0756e-09
   2.1790e-09
   2.9782e-09
   3.3041e-09
   3.5510e-09
   3.6758e-09
   4.1462e-09
   5.1486e-09
   5.7952e-09
   7.0610e-09
   7.7767e-09
   8.1567e-09
   1.0564e-08
   1.2059e-08
   1.2682e-08
   1.4370e-08
   1.8452e-08
   2.2135e-08
   2.6704e-08
   3.5999e-08
   9.8345e-08
   1.3485e-07
   2.4684e-07
   6.3180e-07
   2.2146e-06
   2.4367e-05
   1.7678e-04
   5.7063e-04
   7.8064e-03
   1.3241e-02
   2.6436e-01
   7.3352e-01
   9.8327e-01
   9.9742e-01
   9.9965e-01
   9.9997e-01
   9.9999e-01
   1.0000e+00
   1.0000e+00
   1.0000e+00
   1.0000e+00
   1.0000e+00
   1.0000e+00
   1.0000e+00
   1.0000e+00
   1.0000e+00
   1.0000e+00
   1.0000e+00
   1.0000e+00
   1.0000e+00
   1.0000e+00
   1.0000e+00
   1.0000e+00
   1.0000e+00
   1.0000e+00
   1.0000e+00
   1.0000e+00
   1.0000e+00
   1.0000e+00
   1.0000e+00
   1.0000e+00
   1.0000e+00
   1.0000e+00
   1.0000e+00
   1.0000e+00
   1.0000e+00
   1.0000e+00
   1.0000e+00
   1.0000e+00
   1.0000e+00
   1.0000e+00
   1.0000e+00
   1.0000e+00
   1.0000e+00
   1.0000e+00
   1.0000e+00
   1.0000e+00
   1.0000e+00
   1.0000e+00
   1.0000e+00
   1.0000e+00
12.1 63 -31.48201581
12.2 63 -31.48201581
12.3 63 -31.48201581
12.4 63 -31.48201582
12.5 64 -31.48201582
12.6 64 -31.48201582
12.7 64 -31.48201582
12.8 64 -31.48201582
12.9 64 -31.48201582
13 65 -31.48201582
n00=0.5589810413
evals=
   2.2535e-16
   2.7232e-14
   1.3105e-13
   2.5074e-13
   8.5773e-13
   2.1754e-12
   5.9294e-12
   1.8785e-11
   4.7560e-11
   8.2643e-11
   4.0481e-10
   9.6698e-10
   1.2110e-09
   1.2755e-09
   1.4282e-09
   1.5172e-09
   1.7459e-09
   2.1480e-09
   2.3070e-09
   2.4957e-09
   2.9183e-09
   3.3459e-09
   3.5798e-09
   3.7401e-09
   4.0173e-09
   4.7100e-09
   5.6097e-09
   6.4252e-09
   7.4803e-09
   7.9463e-09
   8.5452e-09
   1.1250e-08
   1.3184e-08
   1.4382e-08
   1.6859e-08
   2.3665e-08
   2.8305e-08
   4.1981e-08
   6.7658e-08
   2.2764e-07
   3.4377e-07
   4.1181e-07
   5.9427e-07
   5.1058e-06
   2.9871e-05
   2.1314e-04
   6.9683e-04
   9.1119e-03
   1.4505e-02
   2.7929e-01
   7.1819e-01
   9.8161e-01
   9.9686e-01
   9.9954e-01
   9.9996e-01
   9.9999e-01
   1.0000e+00
   1.0000e+00
   1.0000e+00
   1.0000e+00
   1.0000e+00
   1.0000e+00
   1.0000e+00
   1.0000e+00
   1.0000e+00
   1.0000e+00
   1.0000e+00
   1.0000e+00
   1.0000e+00
   1.0000e+00
   1.0000e+00
   1.0000e+00
   1.0000e+00
   1.0000e+00
   1.0000e+00
   1.0000e+00
   1.0000e+00
   1.0000e+00
   1.0000e+00
   1.0000e+00
   1.0000e+00
   1.0000e+00
   1.0000e+00
   1.0000e+00
   1.0000e+00
   1.0000e+00
   1.0000e+00
   1.0000e+00
   1.0000e+00
   1.0000e+00
   1.0000e+00
   1.0000e+00
   1.0000e+00
   1.0000e+00
   1.0000e+00
   1.0000e+00
   1.0000e+00
   1.0000e+00
   1.0000e+00
   1.0000e+00
13.1 65 -31.48201582
13.2 66 -31.48201582
13.3 66 -31.48201582
13.4 66 -31.48201582
13.5 66 -31.48201582
13.6 68 -31.48201582
13.7 68 -31.48201582
13.8 68 -31.48201582
13.9 69 -31.48201582
14 69 -31.48201582
n00=0.5261108901
evals=
   8.7383e-16
   3.3443e-14
   1.5148e-13
   2.1252e-13
   6.6387e-13
   1.0865e-12
   2.0247e-12
   4.4013e-12
   1.4162e-11
   1.4859e-10
   3.4974e-10
   5.9271e-10
   1.2283e-09
   1.3463e-09
   1.5256e-09
   1.6125e-09
   2.0312e-09
   2.3578e-09
   2.5039e-09
   2.8690e-09
   3.1300e-09
   3.7777e-09
   4.1754e-09
   4.3971e-09
   4.5021e-09
   5.8601e-09
   6.1868e-09
   7.0036e-09
   7.9556e-09
   9.1765e-09
   1.2171e-08
   1.3291e-08
   1.4859e-08
   1.6319e-08
   1.7772e-08
   2.5305e-08
   3.3874e-08
   5.7344e-08
   7.8348e-08
   1.5117e-07
   3.0100e-07
   6.5780e-07
   1.0100e-06
   8.4322e-06
   3.4638e-05
   2.5357e-04
   8.6299e-04
   1.0408e-02
   1.5452e-02
   2.9109e-01
   7.0602e-01
   9.8029e-01
   9.9624e-01
   9.9942e-01
   9.9995e-01
   9.9998e-01
   1.0000e+00
   1.0000e+00
   1.0000e+00
   1.0000e+00
   1.0000e+00
   1.0000e+00
   1.0000e+00
   1.0000e+00
   1.0000e+00
   1.0000e+00
   1.0000e+00
   1.0000e+00
   1.0000e+00
   1.0000e+00
   1.0000e+00
   1.0000e+00
   1.0000e+00
   1.0000e+00
   1.0000e+00
   1.0000e+00
   1.0000e+00
   1.0000e+00
   1.0000e+00
   1.0000e+00
   1.0000e+00
   1.0000e+00
   1.0000e+00
   1.0000e+00
   1.0000e+00
   1.0000e+00
   1.0000e+00
   1.0000e+00
   1.0000e+00
   1.0000e+00
   1.0000e+00
   1.0000e+00
   1.0000e+00
   1.0000e+00
   1.0000e+00
   1.0000e+00
   1.0000e+00
   1.0000e+00
   1.0000e+00
   1.0000e+00
14.1 69 -31.48201582
14.2 69 -31.48201582
14.3 69 -31.48201582
14.4 70 -31.48201582
14.5 70 -31.48201582
14.6 70 -31.48201582
14.7 70 -31.48201582
14.8 71 -31.48201582
14.9 71 -31.48201582
15 71 -31.48201582
n00=0.4956807409
evals=
   9.9909e-16
   2.7690e-14
   1.0041e-13
   1.3591e-13
   3.3772e-13
   1.5856e-12
   2.8022e-12
   6.3987e-12
   1.2504e-11
   3.2881e-11
   3.5471e-10
   9.9401e-10
   1.0468e-09
   1.5203e-09
   1.7830e-09
   1.9462e-09
   2.2408e-09
   2.4752e-09
   2.5526e-09
   2.7024e-09
   3.2957e-09
   4.0862e-09
   4.8283e-09
   5.1904e-09
   5.2814e-09
   6.5993e-09
   7.4924e-09
   8.4890e-09
   8.7514e-09
   1.0007e-08
   1.3076e-08
   1.4746e-08
   1.6850e-08
   1.7745e-08
   2.5382e-08
   2.6865e-08
   3.9192e-08
   8.0138e-08
   1.7665e-07
   2.0578e-07
   3.6120e-07
   6.3596e-07
   2.3008e-06
   9.5177e-06
   4.1745e-05
   3.0790e-04
   1.0336e-03
   1.1745e-02
   1.6151e-02
   2.9979e-01
   6.9696e-01
   9.7920e-01
   9.9555e-01
   9.9929e-01
   9.9994e-01
   9.9998e-01
   1.0000e+00
   1.0000e+00
   1.0000e+00
   1.0000e+00
   1.0000e+00
   1.0000e+00
   1.0000e+00
   1.0000e+00
   1.0000e+00
   1.0000e+00
   1.0000e+00
   1.0000e+00
   1.0000e+00
   1.0000e+00
   1.0000e+00
   1.0000e+00
   1.0000e+00
   1.0000e+00
   1.0000e+00
   1.0000e+00
   1.0000e+00
   1.0000e+00
   1.0000e+00
   1.0000e+00
   1.0000e+00
   1.0000e+00
   1.0000e+00
   1.0000e+00
   1.0000e+00
   1.0000e+00
   1.0000e+00
   1.0000e+00
   1.0000e+00
   1.0000e+00
   1.0000e+00
   1.0000e+00
   1.0000e+00
   1.0000e+00
   1.0000e+00
   1.0000e+00
   1.0000e+00
   1.0000e+00
   1.0000e+00
   1.0000e+00
15.1 71 -31.48201582
15.2 71 -31.48201582
15.3 72 -31.48201582
15.4 72 -31.48201582
15.5 73 -31.48201582
15.6 73 -31.48201582
15.7 73 -31.48201582
15.8 73 -31.48201582
15.9 73 -31.48201582
16 74 -31.48201582
n00=0.4678208189
evals=
  -5.9273e-17
   4.0976e-14
   1.4222e-13
   2.2034e-13
   3.9918e-13
   8.0389e-13
   1.4642e-12
   2.7010e-12
   7.1368e-12
   1.1625e-10
   4.6131e-10
   8.1953e-10
   1.4056e-09
   1.7154e-09
   1.7919e-09
   2.1719e-09
   2.4772e-09
   2.6932e-09
   2.7331e-09
   3.0325e-09
   3.3401e-09
   4.4283e-09
   5.1908e-09
   5.7011e-09
   6.2275e-09
   7.1187e-09
   8.0985e-09
   8.7272e-09
   1.0915e-08
   1.1973e-08
   1.4654e-08
   1.5370e-08
   1.7605e-08
   1.9382e-08
   2.4731e-08
   2.9567e-08
   4.7737e-08
   9.1638e-08
   1.5165e-07
   2.6592e-07
   4.1421e-07
   7.4511e-07
   3.8818e-06
   9.7285e-06
   4.8576e-05
   3.8602e-04
   1.1720e-03
   1.3151e-02
   1.6694e-02
   3.0558e-01
   6.9083e-01
   9.7823e-01
   9.9484e-01
   9.9916e-01
   9.9993e-01
   9.9997e-01
   1.0000e+00
   1.0000e+00
   1.0000e+00
   1.0000e+00
   1.0000e+00
   1.0000e+00
   1.0000e+00
   1.0000e+00
   1.0000e+00
   1.0000e+00
   1.0000e+00
   1.0000e+00
   1.0000e+00
   1.0000e+00
   1.0000e+00
   1.0000e+00
   1.0000e+00
   1.0000e+00
   1.0000e+00
   1.0000e+00
   1.0000e+00
   1.0000e+00
   1.0000e+00
   1.0000e+00
   1.0000e+00
   1.0000e+00
   1.0000e+00
   1.0000e+00
   1.0000e+00
   1.0000e+00
   1.0000e+00
   1.0000e+00
   1.0000e+00
   1.0000e+00
   1.0000e+00
   1.0000e+00
   1.0000e+00
   1.0000e+00
   1.0000e+00
   1.0000e+00
   1.0000e+00
   1.0000e+00
   1.0000e+00
   1.0000e+00
16.1 74 -31.48201582
16.2 74 -31.48201582
16.3 74 -31.48201582
16.4 74 -31.48201582
16.5 74 -31.48201582
16.6 75 -31.48201582
16.7 75 -31.48201583
16.8 76 -31.48201583
16.9 76 -31.48201583
17 77 -31.48201583
n00=0.4426537454
evals=
   1.7390e-15
   7.0860e-14
   1.9996e-13
   5.2577e-13
   1.2297e-12
   1.3352e-12
   1.8682e-12
   4.9263e-12
   7.3313e-11
   9.4272e-11
   2.0114e-10
   5.9829e-10
   9.5021e-10
   1.6732e-09
   2.0812e-09
   2.2032e-09
   2.6103e-09
   2.9052e-09
   2.9913e-09
   3.3194e-09
   3.4440e-09
   4.6915e-09
   5.6031e-09
   6.3827e-09
   6.8404e-09
   7.5403e-09
   8.7362e-09
   9.1879e-09
   1.1583e-08
   1.4627e-08
   1.5047e-08
   1.8037e-08
   1.9645e-08
   2.1854e-08
   3.2693e-08
   3.4036e-08
   6.1991e-08
   1.0754e-07
   1.6425e-07
   2.5625e-07
   5.4943e-07
   1.3193e-06
   4.2836e-06
   1.0785e-05
   5.9858e-05
   4.6463e-04
   1.2824e-03
   1.4571e-02
   1.7149e-02
   3.0888e-01
   6.8722e-01
   9.7731e-01
   9.9416e-01
   9.9902e-01
   9.9991e-01
   9.9997e-01
   1.0000e+00
   1.0000e+00
   1.0000e+00
   1.0000e+00
   1.0000e+00
   1.0000e+00
   1.0000e+00
   1.0000e+00
   1.0000e+00
   1.0000e+00
   1.0000e+00
   1.0000e+00
   1.0000e+00
   1.0000e+00
   1.0000e+00
   1.0000e+00
   1.0000e+00
   1.0000e+00
   1.0000e+00
   1.0000e+00
   1.0000e+00
   1.0000e+00
   1.0000e+00
   1.0000e+00
   1.0000e+00
   1.0000e+00
   1.0000e+00
   1.0000e+00
   1.0000e+00
   1.0000e+00
   1.0000e+00
   1.0000e+00
   1.0000e+00
   1.0000e+00
   1.0000e+00
   1.0000e+00
   1.0000e+00
   1.0000e+00
   1.0000e+00
   1.0000e+00
   1.0000e+00
   1.0000e+00
   1.0000e+00
   1.0000e+00
17.1 77 -31.48201583
17.2 77 -31.48201583
17.3 77 -31.48201583
17.4 77 -31.48201583
17.5 77 -31.48201583
17.6 78 -31.48201583
17.7 78 -31.48201583
17.8 78 -31.48201583
17.9 78 -31.48201583
18 78 -31.48201583
n00=0.420262059
evals=
   3.3805e-16
   6.3866e-14
   2.4429e-13
   2.6919e-13
   4.3227e-13
   7.7405e-13
   2.4180e-12
   2.8681e-12
   6.2370e-12
   2.3833e-11
   4.3091e-10
   8.0026e-10
   1.2331e-09
   1.7163e-09
   2.3057e-09
   2.4130e-09
   2.6578e-09
   3.0249e-09
   3.1804e-09
   3.5027e-09
   3.6347e-09
   4.9409e-09
   5.9946e-09
   6.1654e-09
   7.2940e-09
   8.1043e-09
   9.2042e-09
   9.9047e-09
   1.2479e-08
   1.4637e-08
   1.5921e-08
   1.7557e-08
   2.0636e-08
   2.4347e-08
   3.0202e-08
   3.8452e-08
   7.6712e-08
   1.3861e-07
   2.0199e-07
   4.9288e-07
   6.1674e-07
   2.4246e-06
   4.0155e-06
   1.1318e-05
   7.8390e-05
   5.2347e-04
   1.3811e-03
   1.5785e-02
   1.7701e-02
   3.1017e-01
   6.8567e-01
   9.7641e-01
   9.9357e-01
   9.9885e-01
   9.9989e-01
   9.9996e-01
   1.0000e+00
   1.0000e+00
   1.0000e+00
   1.0000e+00
   1.0000e+00
   1.0000e+00
   1.0000e+00
   1.0000e+00
   1.0000e+00
   1.0000e+00
   1.0000e+00
   1.0000e+00
   1.0000e+00
   1.0000e+00
   1.0000e+00
   1.0000e+00
   1.0000e+00
   1.0000e+00
   1.0000e+00
   1.0000e+00
   1.0000e+00
   1.0000e+00
   1.0000e+00
   1.0000e+00
   1.0000e+00
   1.0000e+00
   1.0000e+00
   1.0000e+00
   1.0000e+00
   1.0000e+00
   1.0000e+00
   1.0000e+00
   1.0000e+00
   1.0000e+00
   1.0000e+00
   1.0000e+00
   1.0000e+00
   1.0000e+00
   1.0000e+00
   1.0000e+00
   1.0000e+00
   1.0000e+00
   1.0000e+00
   1.0000e+00
18.1 79 -31.48201583
18.2 80 -31.48201583
18.3 80 -31.48201583
18.4 80 -31.48201583
18.5 80 -31.48201583
18.6 80 -31.48201583
18.7 81 -31.48201583
18.8 81 -31.48201583
18.9 81 -31.48201583
19 81 -31.48201583
n00=0.400663309
evals=
   9.1141e-16
   1.4122e-13
   3.2613e-13
   2.2574e-12
   4.1064e-12
   4.2484e-12
   6.2654e-12
   1.1773e-11
   4.5880e-11
   1.5636e-10
   6.0753e-10
   1.1258e-09
   1.6734e-09
   2.4243e-09
   2.5109e-09
   2.6452e-09
   3.1729e-09
   3.3723e-09
   3.7255e-09
   3.8343e-09
   4.5345e-09
   5.2268e-09
   6.3726e-09
   6.7313e-09
   7.4473e-09
   8.7632e-09
   9.8544e-09
   1.0489e-08
   1.3705e-08
   1.5451e-08
   1.7732e-08
   1.9566e-08
   2.1598e-08
   2.5991e-08
   2.6767e-08
   4.3996e-08
   1.0188e-07
   1.5953e-07
   3.0913e-07
   6.9662e-07
   7.3137e-07
   2.8546e-06
   4.4292e-06
   1.2842e-05
   9.3792e-05
   5.8183e-04
   1.4867e-03
   1.6105e-02
   1.8979e-02
   3.0997e-01
   6.8569e-01
   9.7552e-01
   9.9307e-01
   9.9867e-01
   9.9987e-01
   9.9995e-01
   9.9999e-01
   1.0000e+00
   1.0000e+00
   1.0000e+00
   1.0000e+00
   1.0000e+00
   1.0000e+00
   1.0000e+00
   1.0000e+00
   1.0000e+00
   1.0000e+00
   1.0000e+00
   1.0000e+00
   1.0000e+00
   1.0000e+00
   1.0000e+00
   1.0000e+00
   1.0000e+00
   1.0000e+00
   1.0000e+00
   1.0000e+00
   1.0000e+00
   1.0000e+00
   1.0000e+00
   1.0000e+00
   1.0000e+00
   1.0000e+00
   1.0000e+00
   1.0000e+00
   1.0000e+00
   1.0000e+00
   1.0000e+00
   1.0000e+00
   1.0000e+00
   1.0000e+00
   1.0000e+00
   1.0000e+00
   1.0000e+00
   1.0000e+00
   1.0000e+00
   1.0000e+00
   1.0000e+00
   1.0000e+00
   1.0000e+00
19.1 81 -31.48201583
19.2 81 -31.48201583
19.3 81 -31.48201583
19.4 82 -31.48201583
19.5 82 -31.48201583
19.6 83 -31.48201583
19.7 84 -31.48201583
19.8 84 -31.48201583
19.9 84 -31.48201583
20 85 -31.48201583
n00=0.383807256
evals=
   2.1028e-15
   3.0287e-14
   2.9517e-13
   1.5348e-12
   2.2935e-12
   2.6111e-12
   3.4284e-12
   7.9394e-12
   2.6630e-11
   3.1551e-11
   1.1917e-10
   8.2599e-10
   1.5933e-09
   1.8865e-09
   2.6158e-09
   2.6292e-09
   3.3963e-09
   3.6569e-09
   3.9706e-09
   4.0850e-09
   5.5001e-09
   6.6509e-09
   6.9440e-09
   7.6175e-09
   9.2423e-09
   1.0240e-08
   1.0930e-08
   1.4463e-08
   1.6036e-08
   1.6554e-08
   2.0011e-08
   2.2444e-08
   2.3964e-08
   2.8256e-08
   5.1119e-08
   1.0442e-07
   1.4962e-07
   2.2120e-07
   3.4181e-07
   6.9944e-07
   1.4292e-06
   2.5095e-06
   4.4314e-06
   1.7454e-05
   1.0241e-04
   6.4638e-04
   1.6215e-03
   1.5734e-02
   2.0809e-02
   3.0883e-01
   6.8672e-01
   9.7455e-01
   9.9269e-01
   9.9848e-01
   9.9985e-01
   9.9994e-01
   9.9999e-01
   1.0000e+00
   1.0000e+00
   1.0000e+00
   1.0000e+00
   1.0000e+00
   1.0000e+00
   1.0000e+00
   1.0000e+00
   1.0000e+00
   1.0000e+00
   1.0000e+00
   1.0000e+00
   1.0000e+00
   1.0000e+00
   1.0000e+00
   1.0000e+00
   1.0000e+00
   1.0000e+00
   1.0000e+00
   1.0000e+00
   1.0000e+00
   1.0000e+00
   1.0000e+00
   1.0000e+00
   1.0000e+00
   1.0000e+00
   1.0000e+00
   1.0000e+00
   1.0000e+00
   1.0000e+00
   1.0000e+00
   1.0000e+00
   1.0000e+00
   1.0000e+00
   1.0000e+00
   1.0000e+00
   1.0000e+00
   1.0000e+00
   1.0000e+00
   1.0000e+00
   1.0000e+00
   1.0000e+00
   1.0000e+00
20.1 85 -31.48201583
20.2 85 -31.48201583
20.3 86 -31.48201583
20.4 86 -31.48201583
20.5 87 -31.48201583
20.6 87 -31.48201583
20.7 87 -31.48201583
20.8 88 -31.48201583
20.9 88 -31.48201583
21 88 -31.48201583
n00=0.3695998044
evals=
   7.8362e-16
   1.8744e-13
   3.7190e-13
   2.3338e-12
   3.6761e-12
   4.8225e-12
   9.5486e-12
   1.6219e-11
   5.2253e-11
   7.5109e-11
   4.8725e-10
   1.7272e-09
   1.9036e-09
   2.7483e-09
   2.7941e-09
   3.7009e-09
   3.8439e-09
   4.2033e-09
   4.3412e-09
   5.8268e-09
   6.0705e-09
   6.5058e-09
   7.2710e-09
   7.6131e-09
   9.7078e-09
   1.0643e-08
   1.1587e-08
   1.5578e-08
   1.6054e-08
   1.8292e-08
   2.1205e-08
   2.4351e-08
   2.7783e-08
   3.1089e-08
   5.5560e-08
   7.8334e-08
   1.7850e-07
   3.7271e-07
   4.4584e-07
   6.2612e-07
   1.9636e-06
   2.4972e-06
   4.5473e-06
   2.1399e-05
   1.1174e-04
   7.1753e-04
   1.7663e-03
   1.5128e-02
   2.2899e-02
   3.0708e-01
   6.8844e-01
   9.7335e-01
   9.9243e-01
   9.9830e-01
   9.9982e-01
   9.9994e-01
   9.9999e-01
   1.0000e+00
   1.0000e+00
   1.0000e+00
   1.0000e+00
   1.0000e+00
   1.0000e+00
   1.0000e+00
   1.0000e+00
   1.0000e+00
   1.0000e+00
   1.0000e+00
   1.0000e+00
   1.0000e+00
   1.0000e+00
   1.0000e+00
   1.0000e+00
   1.0000e+00
   1.0000e+00
   1.0000e+00
   1.0000e+00
   1.0000e+00
   1.0000e+00
   1.0000e+00
   1.0000e+00
   1.0000e+00
   1.0000e+00
   1.0000e+00
   1.0000e+00
   1.0000e+00
   1.0000e+00
   1.0000e+00
   1.0000e+00
   1.0000e+00
   1.0000e+00
   1.0000e+00
   1.0000e+00
   1.0000e+00
   1.0000e+00
   1.0000e+00
   1.0000e+00
   1.0000e+00
   1.0000e+00
   1.0000e+00
21.1 88 -31.48201584
21.2 89 -31.48201584
21.3 90 -31.48201584
21.4 90 -31.48201584
21.5 90 -31.48201584
21.6 90 -31.48201584
21.7 91 -31.48201584
21.8 92 -31.48201584
21.9 92 -31.48201584
22 92 -31.48201584
n00=0.3579363281
evals=
   1.9919e-15
   4.3787e-14
   4.2159e-13
   4.6481e-13
   1.4627e-12
   3.3696e-12
   5.4012e-12
   1.6708e-11
   6.0913e-11
   1.2662e-10
   3.6361e-10
   1.4083e-09
   1.7866e-09
   2.9043e-09
   3.0290e-09
   3.9938e-09
   4.4298e-09
   4.4920e-09
   4.6153e-09
   6.1550e-09
   6.9245e-09
   7.6924e-09
   8.1841e-09
   8.3863e-09
   1.0324e-08
   1.1254e-08
   1.2245e-08
   1.6584e-08
   1.7920e-08
   2.1977e-08
   2.2523e-08
   2.5977e-08
   3.5426e-08
   6.9925e-08
   1.4822e-07
   1.7807e-07
   2.2859e-07
   3.7430e-07
   5.2743e-07
   7.3893e-07
   1.4589e-06
   2.4340e-06
   6.4704e-06
   2.2792e-05
   1.2166e-04
   8.1660e-04
   1.8765e-03
   1.4455e-02
   2.5216e-02
   3.0491e-01
   6.9062e-01
   9.7182e-01
   9.9230e-01
   9.9811e-01
   9.9979e-01
   9.9993e-01
   9.9999e-01
   1.0000e+00
   1.0000e+00
   1.0000e+00
   1.0000e+00
   1.0000e+00
   1.0000e+00
   1.0000e+00
   1.0000e+00
   1.0000e+00
   1.0000e+00
   1.0000e+00
   1.0000e+00
   1.0000e+00
   1.0000e+00
   1.0000e+00
   1.0000e+00
   1.0000e+00
   1.0000e+00
   1.0000e+00
   1.0000e+00
   1.0000e+00
   1.0000e+00
   1.0000e+00
   1.0000e+00
   1.0000e+00
   1.0000e+00
   1.0000e+00
   1.0000e+00
   1.0000e+00
   1.0000e+00
   1.0000e+00
   1.0000e+00
   1.0000e+00
   1.0000e+00
   1.0000e+00
   1.0000e+00
   1.0000e+00
   1.0000e+00
   1.0000e+00
   1.0000e+00
   1.0000e+00
   1.0000e+00
   1.0000e+00
22.1 92 -31.48201584
22.2 92 -31.48201584
22.3 92 -31.48201584
22.4 92 -31.48201584
22.5 92 -31.48201584
22.6 93 -31.48201584
22.7 93 -31.48201584
22.8 93 -31.48201584
22.9 94 -31.48201584
23 94 -31.48201584
n00=0.3487066381
evals=
   2.9661e-15
   1.3039e-13
   3.7841e-13
   1.0141e-12
   1.1678e-12
   4.1850e-12
   5.4492e-12
   6.5386e-12
   1.5778e-11
   7.1811e-11
   6.5752e-10
   1.8129e-09
   2.1098e-09
   3.1109e-09
   3.1985e-09
   4.2177e-09
   4.6663e-09
   4.8146e-09
   5.0602e-09
   6.5050e-09
   7.4181e-09
   8.1410e-09
   8.5108e-09
   9.0498e-09
   1.0922e-08
   1.2097e-08
   1.3158e-08
   1.7552e-08
   1.8199e-08
   2.2804e-08
   2.4213e-08
   2.6814e-08
   3.8662e-08
   4.7834e-08
   1.0777e-07
   1.7504e-07
   2.4090e-07
   3.9746e-07
   5.9202e-07
   1.0325e-06
   1.4490e-06
   2.0141e-06
   8.1387e-06
   2.5343e-05
   1.3209e-04
   9.2929e-04
   1.9549e-03
   1.3791e-02
   2.7698e-02
   3.0258e-01
   6.9302e-01
   9.6996e-01
   9.9231e-01
   9.9792e-01
   9.9975e-01
   9.9992e-01
   9.9999e-01
   1.0000e+00
   1.0000e+00
   1.0000e+00
   1.0000e+00
   1.0000e+00
   1.0000e+00
   1.0000e+00
   1.0000e+00
   1.0000e+00
   1.0000e+00
   1.0000e+00
   1.0000e+00
   1.0000e+00
   1.0000e+00
   1.0000e+00
   1.0000e+00
   1.0000e+00
   1.0000e+00
   1.0000e+00
   1.0000e+00
   1.0000e+00
   1.0000e+00
   1.0000e+00
   1.0000e+00
   1.0000e+00
   1.0000e+00
   1.0000e+00
   1.0000e+00
   1.0000e+00
   1.0000e+00
   1.0000e+00
   1.0000e+00
   1.0000e+00
   1.0000e+00
   1.0000e+00
   1.0000e+00
   1.0000e+00
   1.0000e+00
   1.0000e+00
   1.0000e+00
   1.0000e+00
   1.0000e+00
   1.0000e+00
23.1 94 -31.48201584
23.2 95 -31.48201584
23.3 95 -31.48201584
23.4 96 -31.48201584
23.5 96 -31.48201584
23.6 96 -31.48201584
23.7 97 -31.48201584
23.8 97 -31.48201584
23.9 98 -31.48201584
24 98 -31.48201584
n00=0.3417898899
evals=
   2.7166e-16
   1.0285e-13
   6.8475e-13
   3.4778e-12
   3.7908e-12
   6.1772e-12
   9.2685e-12
   2.0773e-11
   9.3669e-11
   1.4780e-10
   1.1413e-09
   1.9824e-09
   2.1071e-09
   3.3116e-09
   3.3755e-09
   4.4576e-09
   4.9393e-09
   5.0111e-09
   5.2981e-09
   6.8526e-09
   6.9854e-09
   8.3414e-09
   8.6405e-09
   9.5992e-09
   1.1571e-08
   1.3391e-08
   1.4229e-08
   1.7705e-08
   1.8816e-08
   2.4018e-08
   2.4861e-08
   2.9644e-08
   4.4386e-08
   8.0522e-08
   1.4491e-07
   1.8634e-07
   2.6926e-07
   4.4509e-07
   6.5436e-07
   8.9670e-07
   1.3800e-06
   2.9267e-06
   8.6742e-06
   2.8056e-05
   1.5088e-04
   1.0183e-03
   2.0287e-03
   1.3150e-02
   3.0318e-02
   3.0026e-01
   6.9546e-01
   9.6780e-01
   9.9243e-01
   9.9772e-01
   9.9971e-01
   9.9991e-01
   9.9999e-01
   1.0000e+00
   1.0000e+00
   1.0000e+00
   1.0000e+00
   1.0000e+00
   1.0000e+00
   1.0000e+00
   1.0000e+00
   1.0000e+00
   1.0000e+00
   1.0000e+00
   1.0000e+00
   1.0000e+00
   1.0000e+00
   1.0000e+00
   1.0000e+00
   1.0000e+00
   1.0000e+00
   1.0000e+00
   1.0000e+00
   1.0000e+00
   1.0000e+00
   1.0000e+00
   1.0000e+00
   1.0000e+00
   1.0000e+00
   1.0000e+00
   1.0000e+00
   1.0000e+00
   1.0000e+00
   1.0000e+00
   1.0000e+00
   1.0000e+00
   1.0000e+00
   1.0000e+00
   1.0000e+00
   1.0000e+00
   1.0000e+00
   1.0000e+00
   1.0000e+00
   1.0000e+00
   1.0000e+00
   1.0000e+00
24.1 99 -31.48201584
24.2 99 -31.48201584
24.3 99 -31.48201584
24.4 100 -31.48201584
24.5 101 -31.48201584
24.6 102 -31.48201584
24.7 102 -31.48201584
24.8 102 -31.48201584
24.9 104 -31.48201584
25 104 -31.48201584
n00=0.3370436844
evals=
   3.8018e-15
   7.5887e-14
   2.4010e-13
   1.6680e-12
   5.1375e-12
   5.9328e-12
   6.6646e-12
   2.2778e-11
   7.6539e-11
   1.9045e-10
   4.2847e-10
   1.9386e-09
   2.1811e-09
   3.5935e-09
   3.6341e-09
   4.7467e-09
   5.1999e-09
   5.2598e-09
   5.5569e-09
   7.2594e-09
   7.7123e-09
   9.2140e-09
   9.6416e-09
   1.2091e-08
   1.3498e-08
   1.4484e-08
   1.5584e-08
   1.7873e-08
   2.0147e-08
   2.4642e-08
   2.5379e-08
   3.1368e-08
   4.8803e-08
   7.9497e-08
   1.2133e-07
   1.7684e-07
   3.5581e-07
   5.7050e-07
   7.6315e-07
   8.6612e-07
   1.1482e-06
   4.0923e-06
   9.3477e-06
   2.9556e-05
   1.7347e-04
   1.0942e-03
   2.1111e-03
   1.2493e-02
   3.3097e-02
   2.9799e-01
   6.9792e-01
   9.6540e-01
   9.9261e-01
   9.9751e-01
   9.9967e-01
   9.9990e-01
   9.9999e-01
   1.0000e+00
   1.0000e+00
   1.0000e+00
   1.0000e+00
   1.0000e+00
   1.0000e+00
   1.0000e+00
   1.0000e+00
   1.0000e+00
   1.0000e+00
   1.0000e+00
   1.0000e+00
   1.0000e+00
   1.0000e+00
   1.0000e+00
   1.0000e+00
   1.0000e+00
   1.0000e+00
   1.0000e+00
   1.0000e+00
   1.0000e+00
   1.0000e+00
   1.0000e+00
   1.0000e+00
   1.0000e+00
   1.0000e+00
   1.0000e+00
   1.0000e+00
   1.0000e+00
   1.0000e+00
   1.0000e+00
   1.0000e+00
   1.0000e+00
   1.0000e+00
   1.0000e+00
   1.0000e+00
   1.0000e+00
   1.0000e+00
   1.0000e+00
   1.0000e+00
   1.0000e+00
   1.0000e+00
   1.0000e+00
25.1 104 -31.48201584
25.2 105 -31.48201584
25.3 105 -31.48201584
25.4 105 -31.48201584
25.5 106 -31.48201584
25.6 107 -31.48201584
25.7 107 -31.48201584
25.8 107 -31.48201584
25.9 108 -31.48201585
26 108 -31.48201585
n00=0.3343040533
evals=
   2.3149e-15
   8.5383e-14
   4.3631e-13
   2.7550e-12
   4.3672e-12
   5.9758e-12
   1.6774e-11
   3.0555e-11
   3.4697e-11
   7.7950e-11
   1.3192e-09
   2.1983e-09
   2.4989e-09
   3.7593e-09
   3.8804e-09
   5.0611e-09
   5.3560e-09
   5.5778e-09
   5.9675e-09
   7.7260e-09
   8.2695e-09
   8.5834e-09
   9.8168e-09
   1.0128e-08
   1.2672e-08
   1.4952e-08
   1.6258e-08
   1.8949e-08
   2.1325e-08
   2.4760e-08
   2.7596e-08
   3.5355e-08
   6.6305e-08
   9.2034e-08
   1.0852e-07
   2.3666e-07
   4.0969e-07
   6.3684e-07
   6.9380e-07
   9.2088e-07
   1.5539e-06
   3.7740e-06
   1.0514e-05
   3.4048e-05
   1.8713e-04
   1.1784e-03
   2.2223e-03
   1.1815e-02
   3.5996e-02
   2.9590e-01
   7.0023e-01
   9.6281e-01
   9.9280e-01
   9.9731e-01
   9.9963e-01
   9.9989e-01
   9.9998e-01
   1.0000e+00
   1.0000e+00
   1.0000e+00
   1.0000e+00
   1.0000e+00
   1.0000e+00
   1.0000e+00
   1.0000e+00
   1.0000e+00
   1.0000e+00
   1.0000e+00
   1.0000e+00
   1.0000e+00
   1.0000e+00
   1.0000e+00
   1.0000e+00
   1.0000e+00
   1.0000e+00
   1.0000e+00
   1.0000e+00
   1.0000e+00
   1.0000e+00
   1.0000e+00
   1.0000e+00
   1.0000e+00
   1.0000e+00
   1.0000e+00
   1.0000e+00
   1.0000e+00
   1.0000e+00
   1.0000e+00
   1.0000e+00
   1.0000e+00
   1.0000e+00
   1.0000e+00
   1.0000e+00
   1.0000e+00
   1.0000e+00
   1.0000e+00
   1.0000e+00
   1.0000e+00
   1.0000e+00
   1.0000e+00
26.1 109 -31.48201585
26.2 110 -31.48201585
26.3 111 -31.48201585
26.4 111 -31.48201585
26.5 111 -31.48201585
26.6 112 -31.48201585
26.7 112 -31.48201585
26.8 112 -31.48201585
26.9 112 -31.48201585
27 114 -31.48201585
n00=0.3333917186
evals=
   2.3812e-15
   3.6181e-13
   7.2316e-13
   3.0397e-12
   4.0714e-12
   6.3642e-12
   8.5145e-12
   1.3652e-11
   1.6093e-10
   2.5569e-10
   7.2082e-10
   2.1615e-09
   2.9032e-09
   4.0064e-09
   4.1721e-09
   5.3270e-09
   5.7307e-09
   5.9192e-09
   6.6129e-09
   8.1602e-09
   8.2994e-09
   1.0210e-08
   1.0531e-08
   1.3415e-08
   1.4598e-08
   1.7167e-08
   2.0423e-08
   2.1519e-08
   2.3244e-08
   2.6733e-08
   2.9931e-08
   4.4724e-08
   9.9803e-08
   1.4762e-07
   2.2622e-07
   3.4324e-07
   4.1978e-07
   5.8317e-07
   6.2721e-07
   8.2999e-07
   2.5788e-06
   3.2644e-06
   1.0534e-05
   4.1287e-05
   1.9712e-04
   1.2624e-03
   2.3647e-03
   1.1181e-02
   3.8985e-02
   2.9403e-01
   7.0234e-01
   9.6007e-01
   9.9295e-01
   9.9712e-01
   9.9957e-01
   9.9988e-01
   9.9998e-01
   1.0000e+00
   1.0000e+00
   1.0000e+00
   1.0000e+00
   1.0000e+00
   1.0000e+00
   1.0000e+00
   1.0000e+00
   1.0000e+00
   1.0000e+00
   1.0000e+00
   1.0000e+00
   1.0000e+00
   1.0000e+00
   1.0000e+00
   1.0000e+00
   1.0000e+00
   1.0000e+00
   1.0000e+00
   1.0000e+00
   1.0000e+00
   1.0000e+00
   1.0000e+00
   1.0000e+00
   1.0000e+00
   1.0000e+00
   1.0000e+00
   1.0000e+00
   1.0000e+00
   1.0000e+00
   1.0000e+00
   1.0000e+00
   1.0000e+00
   1.0000e+00
   1.0000e+00
   1.0000e+00
   1.0000e+00
   1.0000e+00
   1.0000e+00
   1.0000e+00
   1.0000e+00
   1.0000e+00
   1.0000e+00
27.1 115 -31.48201585
27.2 115 -31.48201585
27.3 115 -31.48201585
27.4 115 -31.48201585
27.5 116 -31.48201585
27.6 117 -31.48201585
27.7 117 -31.48201585
27.8 118 -31.48201585
27.9 118 -31.48201585
28 119 -31.48201585
n00=0.3341230056
evals=
   6.1840e-15
   9.9196e-14
   4.6348e-13
   1.3144e-12
   5.2481e-12
   5.8007e-12
   1.2641e-11
   2.6772e-11
   3.1049e-11
   1.5276e-10
   7.2508e-10
   1.9443e-09
   3.2670e-09
   4.3364e-09
   4.4104e-09
   5.6056e-09
   6.0903e-09
   6.2983e-09
   6.9132e-09
   8.1393e-09
   8.8153e-09
   1.0495e-08
   1.1041e-08
   1.2333e-08
   1.4167e-08
   1.5482e-08
   1.8094e-08
   2.2088e-08
   2.4164e-08
   2.5932e-08
   3.1826e-08
   5.1429e-08
   7.6806e-08
   1.1822e-07
   3.1115e-07
   3.3605e-07
   4.2749e-07
   5.2015e-07
   6.6695e-07
   8.6998e-07
   2.3231e-06
   4.1774e-06
   1.1396e-05
   4.5288e-05
   2.1168e-04
   1.3611e-03
   2.4957e-03
   1.0639e-02
   4.2086e-02
   2.9230e-01
   7.0432e-01
   9.5716e-01
   9.9306e-01
   9.9695e-01
   9.9951e-01
   9.9987e-01
   9.9998e-01
   9.9999e-01
   1.0000e+00
   1.0000e+00
   1.0000e+00
   1.0000e+00
   1.0000e+00
   1.0000e+00
   1.0000e+00
   1.0000e+00
   1.0000e+00
   1.0000e+00
   1.0000e+00
   1.0000e+00
   1.0000e+00
   1.0000e+00
   1.0000e+00
   1.0000e+00
   1.0000e+00
   1.0000e+00
   1.0000e+00
   1.0000e+00
   1.0000e+00
   1.0000e+00
   1.0000e+00
   1.0000e+00
   1.0000e+00
   1.0000e+00
   1.0000e+00
   1.0000e+00
   1.0000e+00
   1.0000e+00
   1.0000e+00
   1.0000e+00
   1.0000e+00
   1.0000e+00
   1.0000e+00
   1.0000e+00
   1.0000e+00
   1.0000e+00
   1.0000e+00
   1.0000e+00
   1.0000e+00
   1.0000e+00
28.1 120 -31.48201585
28.2 120 -31.48201585
28.3 121 -31.48201585
28.4 121 -31.48201585
28.5 121 -31.48201585
28.6 121 -31.48201585
28.7 122 -31.48201585
28.8 122 -31.48201585
28.9 122 -31.48201585
29 122 -31.48201585
n00=0.3363190164
evals=
   5.1259e-16
   5.2389e-13
   9.3714e-13
   3.1997e-12
   6.2530e-12
   8.3986e-12
   1.1434e-11
   1.6119e-11
   8.7117e-11
   2.5594e-10
   1.6173e-09
   3.3113e-09
   3.7776e-09
   4.5873e-09
   4.7161e-09
   5.9745e-09
   6.2918e-09
   6.5535e-09
   7.2387e-09
   8.0510e-09
   9.2028e-09
   1.0938e-08
   1.1510e-08
   1.4781e-08
   1.5136e-08
   1.7879e-08
   2.0562e-08
   2.3991e-08
   2.7307e-08
   2.8240e-08
   3.7653e-08
   5.9256e-08
   1.3098e-07
   2.1850e-07
   2.6207e-07
   3.2099e-07
   3.6271e-07
   5.2613e-07
   6.6630e-07
   1.3672e-06
   2.1189e-06
   3.8355e-06
   1.4582e-05
   4.7912e-05
   2.2634e-04
   1.4858e-03
   2.5977e-03
   1.0201e-02
   4.5249e-02
   2.9073e-01
   7.0614e-01
   9.5413e-01
   9.9311e-01
   9.9677e-01
   9.9945e-01
   9.9986e-01
   9.9998e-01
   9.9999e-01
   1.0000e+00
   1.0000e+00
   1.0000e+00
   1.0000e+00
   1.0000e+00
   1.0000e+00
   1.0000e+00
   1.0000e+00
   1.0000e+00
   1.0000e+00
   1.0000e+00
   1.0000e+00
   1.0000e+00
   1.0000e+00
   1.0000e+00
   1.0000e+00
   1.0000e+00
   1.0000e+00
   1.0000e+00
   1.0000e+00
   1.0000e+00
   1.0000e+00
   1.0000e+00
   1.0000e+00
   1.0000e+00
   1.0000e+00
   1.0000e+00
   1.0000e+00
   1.0000e+00
   1.0000e+00
   1.0000e+00
   1.0000e+00
   1.0000e+00
   1.0000e+00
   1.0000e+00
   1.0000e+00
   1.0000e+00
   1.0000e+00
   1.0000e+00
   1.0000e+00
   1.0000e+00
   1.0000e+00
29.1 123 -31.48201585
29.2 124 -31.48201585
29.3 124 -31.48201585
29.4 125 -31.48201585
29.5 125 -31.48201585
29.6 125 -31.48201585
29.7 126 -31.48201585
29.8 126 -31.48201585
29.9 126 -31.48201585
30 127 -31.48201585
n00=0.3398040709
evals=
   5.7448e-15
   1.8608e-13
   7.9181e-13
   3.8492e-12
   1.0186e-11
   1.0434e-11
   1.5287e-11
   2.7391e-11
   1.4582e-10
   2.9408e-10
   9.8490e-10
   2.0421e-09
   4.0085e-09
   4.8395e-09
   4.9894e-09
   6.3013e-09
   6.5088e-09
   6.8855e-09
   7.5642e-09
   8.5440e-09
   9.7226e-09
   1.1558e-08
   1.1981e-08
   1.5241e-08
   1.5556e-08
   1.9647e-08
   2.4304e-08
   2.6587e-08
   3.0598e-08
   3.5219e-08
   4.3351e-08
   6.5503e-08
   7.9377e-08
   1.6573e-07
   2.4334e-07
   3.1866e-07
   3.4140e-07
   5.0772e-07
   6.9392e-07
   1.8234e-06
   2.3890e-06
   3.5125e-06
   1.6808e-05
   5.3200e-05
   2.4368e-04
   1.5963e-03
   2.6981e-03
   9.8642e-03
   4.8389e-02
   2.8936e-01
   7.0776e-01
   9.5108e-01
   9.9314e-01
   9.9659e-01
   9.9939e-01
   9.9985e-01
   9.9998e-01
   9.9999e-01
   1.0000e+00
   1.0000e+00
   1.0000e+00
   1.0000e+00
   1.0000e+00
   1.0000e+00
   1.0000e+00
   1.0000e+00
   1.0000e+00
   1.0000e+00
   1.0000e+00
   1.0000e+00
   1.0000e+00
   1.0000e+00
   1.0000e+00
   1.0000e+00
   1.0000e+00
   1.0000e+00
   1.0000e+00
   1.0000e+00
   1.0000e+00
   1.0000e+00
   1.0000e+00
   1.0000e+00
   1.0000e+00
   1.0000e+00
   1.0000e+00
   1.0000e+00
   1.0000e+00
   1.0000e+00
   1.0000e+00
   1.0000e+00
   1.0000e+00
   1.0000e+00
   1.0000e+00
   1.0000e+00
   1.0000e+00
   1.0000e+00
   1.0000e+00
   1.0000e+00
   1.0000e+00
   1.0000e+00
30.1 128 -31.48201585
30.2 128 -31.48201585
30.3 128 -31.48201585
30.4 129 -31.48201585
30.5 130 -31.48201585
30.6 130 -31.48201586
30.7 131 -31.48201586
30.8 132 -31.48201586
30.9 132 -31.48201586
31 132 -31.48201586
n00=0.3444032934
evals=
   6.3957e-15
   3.3052e-13
   6.6182e-13
   2.7369e-12
   3.0192e-12
   5.4631e-12
   1.2495e-11
   3.5948e-11
   6.0823e-11
   1.5206e-10
   1.9757e-09
   3.6078e-09
   4.0851e-09
   4.9676e-09
   5.3231e-09
   6.5312e-09
   6.7365e-09
   7.2248e-09
   7.8851e-09
   9.9414e-09
   1.0374e-08
   1.1862e-08
   1.2426e-08
   1.5894e-08
   1.6353e-08
   2.1001e-08
   2.2878e-08
   2.5498e-08
   2.9434e-08
   3.7156e-08
   4.7522e-08
   8.5151e-08
   1.2821e-07
   2.0677e-07
   2.3369e-07
   2.9292e-07
   4.1671e-07
   5.2817e-07
   8.8577e-07
   1.6555e-06
   2.2471e-06
   5.1565e-06
   1.7326e-05
   5.7870e-05
   2.7234e-04
   1.6705e-03
   2.8116e-03
   9.5981e-03
   5.1512e-02
   2.8813e-01
   7.0923e-01
   9.4802e-01
   9.9313e-01
   9.9642e-01
   9.9932e-01
   9.9984e-01
   9.9997e-01
   9.9999e-01
   1.0000e+00
   1.0000e+00
   1.0000e+00
   1.0000e+00
   1.0000e+00
   1.0000e+00
   1.0000e+00
   1.0000e+00
   1.0000e+00
   1.0000e+00
   1.0000e+00
   1.0000e+00
   1.0000e+00
   1.0000e+00
   1.0000e+00
   1.0000e+00
   1.0000e+00
   1.0000e+00
   1.0000e+00
   1.0000e+00
   1.0000e+00
   1.0000e+00
   1.0000e+00
   1.0000e+00
   1.0000e+00
   1.0000e+00
   1.0000e+00
   1.0000e+00
   1.0000e+00
   1.0000e+00
   1.0000e+00
   1.0000e+00
   1.0000e+00
   1.0000e+00
   1.0000e+00
   1.0000e+00
   1.0000e+00
   1.0000e+00
   1.0000e+00
   1.0000e+00
   1.0000e+00
   1.0000e+00
31.1 134 -31.48201586
31.2 134 -31.48201586
31.3 135 -31.48201586
31.4 136 -31.48201586
31.5 136 -31.48201586
31.6 136 -31.48201586
31.7 136 -31.48201586
31.8 136 -31.48201586
31.9 137 -31.48201586
32 138 -31.48201586
n00=0.3499444195
evals=
   3.5755e-16
   1.4129e-13
   7.8533e-13
   1.5488e-12
   4.8672e-12
   8.0497e-12
   1.1880e-11
   6.6327e-11
   1.5072e-10
   2.4304e-10
   1.3920e-09
   2.6751e-09
   3.7976e-09
   5.2230e-09
   5.6443e-09
   6.9244e-09
   7.0732e-09
   7.6673e-09
   8.0985e-09
   1.0069e-08
   1.1018e-08
   1.2027e-08
   1.2907e-08
   1.6492e-08
   1.7442e-08
   2.2046e-08
   2.5770e-08
   2.7074e-08
   3.5042e-08
   4.9092e-08
   6.3189e-08
   1.0597e-07
   1.2054e-07
   2.2760e-07
   2.5598e-07
   2.9302e-07
   4.6887e-07
   5.1637e-07
   1.3492e-06
   1.4462e-06
   2.0815e-06
   6.0938e-06
   1.8526e-05
   6.2275e-05
   3.0067e-04
   1.7423e-03
   2.9455e-03
   9.3525e-03
   5.4604e-02
   2.8700e-01
   7.1060e-01
   9.4499e-01
   9.9309e-01
   9.9625e-01
   9.9925e-01
   9.9982e-01
   9.9997e-01
   9.9999e-01
   1.0000e+00
   1.0000e+00
   1.0000e+00
   1.0000e+00
   1.0000e+00
   1.0000e+00
   1.0000e+00
   1.0000e+00
   1.0000e+00
   1.0000e+00
   1.0000e+00
   1.0000e+00
   1.0000e+00
   1.0000e+00
   1.0000e+00
   1.0000e+00
   1.0000e+00
   1.0000e+00
   1.0000e+00
   1.0000e+00
   1.0000e+00
   1.0000e+00
   1.0000e+00
   1.0000e+00
   1.0000e+00
   1.0000e+00
   1.0000e+00
   1.0000e+00
   1.0000e+00
   1.0000e+00
   1.0000e+00
   1.0000e+00
   1.0000e+00
   1.0000e+00
   1.0000e+00
   1.0000e+00
   1.0000e+00
   1.0000e+00
   1.0000e+00
   1.0000e+00
   1.0000e+00
   1.0000e+00
32.1 138 -31.48201586
32.2 138 -31.48201586
32.3 139 -31.48201586
32.4 139 -31.48201586
32.5 139 -31.48201586
32.6 140 -31.48201586
32.7 140 -31.48201586
32.8 141 -31.48201586
32.9 141 -31.48201586
33 142 -31.48201586
n00=0.356259326
evals=
   1.0090e-14
   1.6681e-13
   7.3392e-13
   2.6282e-12
   1.0957e-11
   1.2568e-11
   3.8868e-11
   9.5067e-11
   1.1469e-10
   3.9895e-10
   2.0896e-09
   2.5614e-09
   3.9153e-09
   5.4536e-09
   5.9310e-09
   7.0992e-09
   7.5017e-09
   8.0630e-09
   8.3332e-09
   1.0333e-08
   1.1746e-08
   1.2432e-08
   1.3475e-08
   1.6687e-08
   1.8693e-08
   2.1710e-08
   2.3914e-08
   2.7558e-08
   2.8998e-08
   4.0216e-08
   6.0718e-08
   1.3101e-07
   1.6742e-07
   2.1618e-07
   2.5218e-07
   3.4377e-07
   4.3994e-07
   5.9883e-07
   1.2979e-06
   1.7190e-06
   2.5781e-06
   5.3607e-06
   2.0490e-05
   7.0497e-05
   3.1880e-04
   1.8215e-03
   3.1128e-03
   9.1199e-03
   5.7601e-02
   2.8605e-01
   7.1176e-01
   9.4205e-01
   9.9301e-01
   9.9610e-01
   9.9918e-01
   9.9981e-01
   9.9997e-01
   9.9999e-01
   1.0000e+00
   1.0000e+00
   1.0000e+00
   1.0000e+00
   1.0000e+00
   1.0000e+00
   1.0000e+00
   1.0000e+00
   1.0000e+00
   1.0000e+00
   1.0000e+00
   1.0000e+00
   1.0000e+00
   1.0000e+00
   1.0000e+00
   1.0000e+00
   1.0000e+00
   1.0000e+00
   1.0000e+00
   1.0000e+00
   1.0000e+00
   1.0000e+00
   1.0000e+00
   1.0000e+00
   1.0000e+00
   1.0000e+00
   1.0000e+00
   1.0000e+00
   1.0000e+00
   1.0000e+00
   1.0000e+00
   1.0000e+00
   1.0000e+00
   1.0000e+00
   1.0000e+00
   1.0000e+00
   1.0000e+00
   1.0000e+00
   1.0000e+00
   1.0000e+00
   1.0000e+00
   1.0000e+00
33.1 143 -31.48201586
33.2 143 -31.48201586
33.3 143 -31.48201586
33.4 143 -31.48201586
33.5 143 -31.48201586
33.6 144 -31.48201586
33.7 144 -31.48201586
33.8 145 -31.48201586
33.9 145 -31.48201586
34 145 -31.48201586
n00=0.3631859824
evals=
   4.6813e-15
   1.3762e-13
   7.9845e-13
   3.2553e-12
   1.2307e-11
   1.9037e-11
   2.0258e-11
   3.6304e-11
   5.9706e-11
   1.9124e-10
   2.0645e-09
   4.4464e-09
   5.3693e-09
   5.7045e-09
   6.2130e-09
   7.4884e-09
   8.0058e-09
   8.4300e-09
   8.7759e-09
   9.9312e-09
   1.2442e-08
   1.3008e-08
   1.4045e-08
   1.7835e-08
   1.9860e-08
   2.4004e-08
   2.6753e-08
   3.1038e-08
   3.9644e-08
   5.3059e-08
   7.0832e-08
   1.8184e-07
   1.9377e-07
   2.2002e-07
   2.6899e-07
   3.4219e-07
   4.1896e-07
   8.1806e-07
   1.1399e-06
   1.5787e-06
   3.2413e-06
   5.5353e-06
   2.1536e-05
   7.9716e-05
   3.3892e-04
   1.8979e-03
   3.2879e-03
   8.9314e-03
   6.0500e-02
   2.8519e-01
   7.1279e-01
   9.3921e-01
   9.9292e-01
   9.9596e-01
   9.9910e-01
   9.9980e-01
   9.9997e-01
   9.9999e-01
   1.0000e+00
   1.0000e+00
   1.0000e+00
   1.0000e+00
   1.0000e+00
   1.0000e+00
   1.0000e+00
   1.0000e+00
   1.0000e+00
   1.0000e+00
   1.0000e+00
   1.0000e+00
   1.0000e+00
   1.0000e+00
   1.0000e+00
   1.0000e+00
   1.0000e+00
   1.0000e+00
   1.0000e+00
   1.0000e+00
   1.0000e+00
   1.0000e+00
   1.0000e+00
   1.0000e+00
   1.0000e+00
   1.0000e+00
   1.0000e+00
   1.0000e+00
   1.0000e+00
   1.0000e+00
   1.0000e+00
   1.0000e+00
   1.0000e+00
   1.0000e+00
   1.0000e+00
   1.0000e+00
   1.0000e+00
   1.0000e+00
   1.0000e+00
   1.0000e+00
   1.0000e+00
   1.0000e+00
34.1 146 -31.48201586
34.2 146 -31.48201586
34.3 146 -31.48201586
34.4 147 -31.48201586
34.5 147 -31.48201586
34.6 148 -31.48201586
34.7 148 -31.48201586
34.8 148 -31.48201586
34.9 149 -31.48201586
35 150 -31.48201586
n00=0.3705747768
evals=
   3.8502e-15
   2.7524e-13
   8.1099e-13
   3.0993e-12
   1.4972e-11
   1.5633e-11
   4.1294e-11
   6.7930e-11
   1.7386e-10
   1.1346e-09
   1.6638e-09
   2.2071e-09
   5.8578e-09
   6.4688e-09
   6.6064e-09
   7.7686e-09
   8.4065e-09
   8.8852e-09
   9.2285e-09
   1.0235e-08
   1.3226e-08
   1.3416e-08
   1.4653e-08
   1.9298e-08
   2.0904e-08
   2.3344e-08
   2.5597e-08
   2.7530e-08
   3.3693e-08
   4.5610e-08
   8.6869e-08
   1.0697e-07
   1.8385e-07
   1.9699e-07
   2.6020e-07
   3.7363e-07
   4.1903e-07
   9.3844e-07
   1.2490e-06
   1.4881e-06
   3.0078e-06
   6.3732e-06
   2.4114e-05
   8.5042e-05
   3.6536e-04
   1.9926e-03
   3.4302e-03
   8.7945e-03
   6.3291e-02
   2.8438e-01
   7.1376e-01
   9.3647e-01
   9.9281e-01
   9.9583e-01
   9.9903e-01
   9.9979e-01
   9.9996e-01
   9.9999e-01
   1.0000e+00
   1.0000e+00
   1.0000e+00
   1.0000e+00
   1.0000e+00
   1.0000e+00
   1.0000e+00
   1.0000e+00
   1.0000e+00
   1.0000e+00
   1.0000e+00
   1.0000e+00
   1.0000e+00
   1.0000e+00
   1.0000e+00
   1.0000e+00
   1.0000e+00
   1.0000e+00
   1.0000e+00
   1.0000e+00
   1.0000e+00
   1.0000e+00
   1.0000e+00
   1.0000e+00
   1.0000e+00
   1.0000e+00
   1.0000e+00
   1.0000e+00
   1.0000e+00
   1.0000e+00
   1.0000e+00
   1.0000e+00
   1.0000e+00
   1.0000e+00
   1.0000e+00
   1.0000e+00
   1.0000e+00
   1.0000e+00
   1.0000e+00
   1.0000e+00
   1.0000e+00
   1.0000e+00
35.1 150 -31.48201587
35.2 150 -31.48201587
35.3 150 -31.48201587
35.4 151 -31.48201587
35.5 151 -31.48201587
35.6 151 -31.48201587
35.7 153 -31.48201587
35.8 153 -31.48201587
35.9 153 -31.48201587
36 154 -31.48201587
n00=0.3782875666
evals=
   1.5510e-14
   4.1300e-14
   3.8091e-13
   2.4053e-12
   1.0848e-11
   1.3530e-11
   3.7861e-11
   7.0119e-11
   9.3345e-11
   1.8245e-10
   2.1966e-09
   4.8554e-09
   6.0506e-09
   6.5754e-09
   6.7792e-09
   8.0491e-09
   8.7887e-09
   9.2070e-09
   9.6693e-09
   1.0175e-08
   1.3965e-08
   1.4268e-08
   1.5354e-08
   2.0034e-08
   2.1494e-08
   2.6633e-08
   2.8161e-08
   3.6089e-08
   5.0221e-08
   6.3196e-08
   1.0997e-07
   1.6749e-07
   1.8835e-07
   2.4533e-07
   2.7701e-07
   3.9685e-07
   5.1298e-07
   7.9271e-07
   1.1585e-06
   2.1868e-06
   2.8321e-06
   6.2098e-06
   2.8511e-05
   8.9870e-05
   3.9252e-04
   2.0993e-03
   3.5475e-03
   8.6961e-03
   6.5903e-02
   2.8367e-01
   7.1461e-01
   9.3389e-01
   9.9270e-01
   9.9569e-01
   9.9895e-01
   9.9977e-01
   9.9996e-01
   9.9999e-01
   1.0000e+00
   1.0000e+00
   1.0000e+00
   1.0000e+00
   1.0000e+00
   1.0000e+00
   1.0000e+00
   1.0000e+00
   1.0000e+00
   1.0000e+00
   1.0000e+00
   1.0000e+00
   1.0000e+00
   1.0000e+00
   1.0000e+00
   1.0000e+00
   1.0000e+00
   1.0000e+00
   1.0000e+00
   1.0000e+00
   1.0000e+00
   1.0000e+00
   1.0000e+00
   1.0000e+00
   1.0000e+00
   1.0000e+00
   1.0000e+00
   1.0000e+00
   1.0000e+00
   1.0000e+00
   1.0000e+00
   1.0000e+00
   1.0000e+00
   1.0000e+00
   1.0000e+00
   1.0000e+00
   1.0000e+00
   1.0000e+00
   1.0000e+00
   1.0000e+00
   1.0000e+00
   1.0000e+00
36.1 154 -31.48201587
36.2 154 -31.48201587
36.3 155 -31.48201587
36.4 156 -31.48201587
36.5 157 -31.48201587
36.6 157 -31.48201587
36.7 158 -31.48201587
36.8 158 -31.48201587
36.9 158 -31.48201587
37 159 -31.48201587
n00=0.3861947893
evals=
   1.3765e-15
   4.0716e-13
   1.2420e-12
   1.4017e-12
   3.8937e-12
   1.6513e-11
   1.9300e-11
   3.9337e-11
   6.4668e-11
   1.0412e-09
   1.9150e-09
   4.1971e-09
   4.6252e-09
   6.5811e-09
   7.0198e-09
   8.1875e-09
   9.1746e-09
   9.5768e-09
   1.0040e-08
   1.1021e-08
   1.4432e-08
   1.4948e-08
   1.6044e-08
   2.0942e-08
   2.2347e-08
   2.7784e-08
   3.0224e-08
   3.8701e-08
   5.4968e-08
   5.9966e-08
   1.2694e-07
   1.4422e-07
   1.6057e-07
   1.6901e-07
   2.9845e-07
   3.8909e-07
   7.0540e-07
   7.4507e-07
   9.5701e-07
   2.3297e-06
   3.2234e-06
   6.9481e-06
   3.0839e-05
   9.7300e-05
   4.2890e-04
   2.1701e-03
   3.6686e-03
   8.6289e-03
   6.8334e-02
   2.8305e-01
   7.1534e-01
   9.3149e-01
   9.9260e-01
   9.9557e-01
   9.9888e-01
   9.9976e-01
   9.9996e-01
   9.9999e-01
   1.0000e+00
   1.0000e+00
   1.0000e+00
   1.0000e+00
   1.0000e+00
   1.0000e+00
   1.0000e+00
   1.0000e+00
   1.0000e+00
   1.0000e+00
   1.0000e+00
   1.0000e+00
   1.0000e+00
   1.0000e+00
   1.0000e+00
   1.0000e+00
   1.0000e+00
   1.0000e+00
   1.0000e+00
   1.0000e+00
   1.0000e+00
   1.0000e+00
   1.0000e+00
   1.0000e+00
   1.0000e+00
   1.0000e+00
   1.0000e+00
   1.0000e+00
   1.0000e+00
   1.0000e+00
   1.0000e+00
   1.0000e+00
   1.0000e+00
   1.0000e+00
   1.0000e+00
   1.0000e+00
   1.0000e+00
   1.0000e+00
   1.0000e+00
   1.0000e+00
   1.0000e+00
   1.0000e+00
37.1 159 -31.48201587
37.2 160 -31.48201587
37.3 160 -31.48201587
37.4 161 -31.48201587
37.5 161 -31.48201587
37.6 161 -31.48201587
37.7 162 -31.48201587
37.8 162 -31.48201587
37.9 163 -31.48201587
38 163 -31.48201587
n00=0.3941773815
evals=
   1.4992e-14
   2.4402e-13
   7.9408e-13
   3.2483e-12
   1.8636e-11
   3.3272e-11
   4.7568e-11
   1.1243e-10
   1.9085e-10
   3.0137e-10
   2.3381e-09
   4.4371e-09
   6.5956e-09
   7.0433e-09
   7.3239e-09
   8.6739e-09
   9.6054e-09
   1.0055e-08
   1.0592e-08
   1.1505e-08
   1.4770e-08
   1.5574e-08
   1.6722e-08
   2.1717e-08
   2.3240e-08
   2.9865e-08
   3.1756e-08
   4.1697e-08
   4.9838e-08
   6.7626e-08
   1.3858e-07
   1.4900e-07
   1.8985e-07
   2.4466e-07
   3.0311e-07
   3.7154e-07
   6.7662e-07
   7.9951e-07
   1.2500e-06
   2.1761e-06
   3.1991e-06
   8.8456e-06
   3.2172e-05
   1.0397e-04
   4.7555e-04
   2.2131e-03
   3.8002e-03
   8.5634e-03
   7.0623e-02
   2.8243e-01
   7.1605e-01
   9.2924e-01
   9.9251e-01
   9.9545e-01
   9.9881e-01
   9.9974e-01
   9.9996e-01
   9.9999e-01
   1.0000e+00
   1.0000e+00
   1.0000e+00
   1.0000e+00
   1.0000e+00
   1.0000e+00
   1.0000e+00
   1.0000e+00
   1.0000e+00
   1.0000e+00
   1.0000e+00
   1.0000e+00
   1.0000e+00
   1.0000e+00
   1.0000e+00
   1.0000e+00
   1.0000e+00
   1.0000e+00
   1.0000e+00
   1.0000e+00
   1.0000e+00
   1.0000e+00
   1.0000e+00
   1.0000e+00
   1.0000e+00
   1.0000e+00
   1.0000e+00
   1.0000e+00
   1.0000e+00
   1.0000e+00
   1.0000e+00
   1.0000e+00
   1.0000e+00
   1.0000e+00
   1.0000e+00
   1.0000e+00
   1.0000e+00
   1.0000e+00
   1.0000e+00
   1.0000e+00
   1.0000e+00
   1.0000e+00
38.1 163 -31.48201587
38.2 164 -31.48201587
38.3 164 -31.48201587
38.4 165 -31.48201587
38.5 165 -31.48201587
38.6 166 -31.48201587
38.7 167 -31.48201587
38.8 167 -31.48201587
38.9 168 -31.48201587
39 169 -31.48201587
n00=0.4021273158
evals=
   1.5613e-14
   4.1862e-13
   1.1937e-12
   2.7987e-12
   6.8919e-12
   1.6782e-11
   3.2448e-11
   4.4301e-11
   5.6679e-11
   6.2697e-10
   2.2934e-09
   6.1799e-09
   7.2215e-09
   7.6383e-09
   7.9938e-09
   9.3212e-09
   1.0115e-08
   1.0511e-08
   1.1168e-08
   1.1602e-08
   1.5285e-08
   1.6182e-08
   1.7538e-08
   2.2732e-08
   2.4766e-08
   3.2430e-08
   3.3130e-08
   4.4525e-08
   7.6744e-08
   1.1190e-07
   1.2925e-07
   1.3410e-07
   1.8293e-07
   2.5570e-07
   3.1594e-07
   3.7100e-07
   6.2918e-07
   7.2450e-07
   1.8288e-06
   2.2102e-06
   3.1832e-06
   9.2839e-06
   3.4882e-05
   1.1162e-04
   5.1423e-04
   2.2691e-03
   3.9485e-03
   8.4615e-03
   7.2737e-02
   2.8186e-01
   7.1668e-01
   9.2718e-01
   9.9244e-01
   9.9535e-01
   9.9874e-01
   9.9972e-01
   9.9996e-01
   9.9999e-01
   1.0000e+00
   1.0000e+00
   1.0000e+00
   1.0000e+00
   1.0000e+00
   1.0000e+00
   1.0000e+00
   1.0000e+00
   1.0000e+00
   1.0000e+00
   1.0000e+00
   1.0000e+00
   1.0000e+00
   1.0000e+00
   1.0000e+00
   1.0000e+00
   1.0000e+00
   1.0000e+00
   1.0000e+00
   1.0000e+00
   1.0000e+00
   1.0000e+00
   1.0000e+00
   1.0000e+00
   1.0000e+00
   1.0000e+00
   1.0000e+00
   1.0000e+00
   1.0000e+00
   1.0000e+00
   1.0000e+00
   1.0000e+00
   1.0000e+00
   1.0000e+00
   1.0000e+00
   1.0000e+00
   1.0000e+00
   1.0000e+00
   1.0000e+00
   1.0000e+00
   1.0000e+00
   1.0000e+00
39.1 169 -31.48201587
39.2 169 -31.48201587
39.3 170 -31.48201587
39.4 171 -31.48201587
39.5 172 -31.48201587
39.6 172 -31.48201587
39.7 172 -31.48201588
39.8 173 -31.48201588
39.9 173 -31.48201588
40 174 -31.48201588
n00=0.4099468476
evals=
   8.4376e-15
   4.4672e-13
   1.2893e-12
   8.2065e-12
   1.9864e-11
   2.2882e-11
   6.2496e-11
   1.0395e-10
   1.4816e-10
   1.0368e-09
   2.3349e-09
   3.8242e-09
   7.5409e-09
   8.1399e-09
   9.4704e-09
   1.0622e-08
   1.0998e-08
   1.1079e-08
   1.1749e-08
   1.1920e-08
   1.5975e-08
   1.7105e-08
   1.8419e-08
   2.2327e-08
   2.3841e-08
   2.8504e-08
   3.3753e-08
   3.4550e-08
   4.9294e-08
   1.0274e-07
   1.2250e-07
   1.2854e-07
   1.9781e-07
   2.7786e-07
   3.1248e-07
   4.7565e-07
   6.2185e-07
   7.0983e-07
   1.6346e-06
   2.4447e-06
   3.9318e-06
   8.9042e-06
   3.6878e-05
   1.2432e-04
   5.4477e-04
   2.3283e-03
   4.1118e-03
   8.3348e-03
   7.4664e-02
   2.8137e-01
   7.1720e-01
   9.2531e-01
   9.9240e-01
   9.9526e-01
   9.9866e-01
   9.9971e-01
   9.9995e-01
   9.9998e-01
   1.0000e+00
   1.0000e+00
   1.0000e+00
   1.0000e+00
   1.0000e+00
   1.0000e+00
   1.0000e+00
   1.0000e+00
   1.0000e+00
   1.0000e+00
   1.0000e+00
   1.0000e+00
   1.0000e+00
   1.0000e+00
   1.0000e+00
   1.0000e+00
   1.0000e+00
   1.0000e+00
   1.0000e+00
   1.0000e+00
   1.0000e+00
   1.0000e+00
   1.0000e+00
   1.0000e+00
   1.0000e+00
   1.0000e+00
   1.0000e+00
   1.0000e+00
   1.0000e+00
   1.0000e+00
   1.0000e+00
   1.0000e+00
   1.0000e+00
   1.0000e+00
   1.0000e+00
   1.0000e+00
   1.0000e+00
   1.0000e+00
   1.0000e+00
   1.0000e+00
   1.0000e+00
   1.0000e+00
40.1 175 -31.48201588
40.2 176 -31.48201588
40.3 176 -31.48201588
40.4 176 -31.48201588
40.5 178 -31.48201588
40.6 178 -31.48201588
40.7 179 -31.48201588
40.8 179 -31.48201588
40.9 180 -31.48201588
41 180 -31.48201588
n00=0.4175499815
evals=
   1.9014e-14
   2.9789e-13
   7.2380e-13
   2.6230e-12
   1.7736e-11
   2.0797e-11
   1.0192e-10
   1.5699e-10
   1.9199e-10
   3.6247e-10
   2.4403e-09
   6.5631e-09
   7.7769e-09
   8.5778e-09
   9.8877e-09
   1.1174e-08
   1.1700e-08
   1.2031e-08
   1.2492e-08
   1.5397e-08
   1.6626e-08
   1.7964e-08
   1.9312e-08
   2.4545e-08
   2.8330e-08
   3.5688e-08
   3.6418e-08
   5.4315e-08
   9.4281e-08
   1.1024e-07
   1.2311e-07
   1.4953e-07
   2.3381e-07
   2.8223e-07
   3.0127e-07
   4.8663e-07
   6.1532e-07
   1.0873e-06
   1.4878e-06
   2.3366e-06
   3.9911e-06
   1.0024e-05
   3.8438e-05
   1.3568e-04
   5.8397e-04
   2.3883e-03
   4.2512e-03
   8.2170e-03
   7.6440e-02
   2.8087e-01
   7.1771e-01
   9.2359e-01
   9.9238e-01
   9.9517e-01
   9.9859e-01
   9.9969e-01
   9.9995e-01
   9.9998e-01
   1.0000e+00
   1.0000e+00
   1.0000e+00
   1.0000e+00
   1.0000e+00
   1.0000e+00
   1.0000e+00
   1.0000e+00
   1.0000e+00
   1.0000e+00
   1.0000e+00
   1.0000e+00
   1.0000e+00
   1.0000e+00
   1.0000e+00
   1.0000e+00
   1.0000e+00
   1.0000e+00
   1.0000e+00
   1.0000e+00
   1.0000e+00
   1.0000e+00
   1.0000e+00
   1.0000e+00
   1.0000e+00
   1.0000e+00
   1.0000e+00
   1.0000e+00
   1.0000e+00
   1.0000e+00
   1.0000e+00
   1.0000e+00
   1.0000e+00
   1.0000e+00
   1.0000e+00
   1.0000e+00
   1.0000e+00
   1.0000e+00
   1.0000e+00
   1.0000e+00
   1.0000e+00
   1.0000e+00
41.1 182 -31.48201588
41.2 182 -31.48201588
41.3 183 -31.48201588
41.4 183 -31.48201588
41.5 183 -31.48201588
41.6 183 -31.48201588
41.7 183 -31.48201588
41.8 184 -31.48201588
41.9 184 -31.48201588
42 185 -31.48201588
n00=0.424864079
evals=
   1.2610e-14
   3.1304e-13
   1.1953e-12
   5.3207e-12
   7.6270e-12
   9.7507e-12
   2.3796e-11
   3.8769e-11
   1.1346e-10
   2.2037e-09
   2.9281e-09
   6.3330e-09
   7.9168e-09
   8.9473e-09
   1.0348e-08
   1.1507e-08
   1.1866e-08
   1.2444e-08
   1.3242e-08
   1.5990e-08
   1.8003e-08
   1.9459e-08
   2.0368e-08
   2.5296e-08
   3.0904e-08
   3.5238e-08
   3.8518e-08
   5.8538e-08
   6.4287e-08
   1.0285e-07
   1.1465e-07
   2.0048e-07
   2.4110e-07
   2.8952e-07
   3.0950e-07
   4.6057e-07
   6.0620e-07
   1.2129e-06
   1.7365e-06
   2.3421e-06
   3.6076e-06
   1.0673e-05
   4.3187e-05
   1.4120e-04
   6.2998e-04
   2.4714e-03
   4.3447e-03
   8.1090e-03
   7.8043e-02
   2.8038e-01
   7.1820e-01
   9.2205e-01
   9.9236e-01
   9.9509e-01
   9.9852e-01
   9.9968e-01
   9.9994e-01
   9.9998e-01
   1.0000e+00
   1.0000e+00
   1.0000e+00
   1.0000e+00
   1.0000e+00
   1.0000e+00
   1.0000e+00
   1.0000e+00
   1.0000e+00
   1.0000e+00
   1.0000e+00
   1.0000e+00
   1.0000e+00
   1.0000e+00
   1.0000e+00
   1.0000e+00
   1.0000e+00
   1.0000e+00
   1.0000e+00
   1.0000e+00
   1.0000e+00
   1.0000e+00
   1.0000e+00
   1.0000e+00
   1.0000e+00
   1.0000e+00
   1.0000e+00
   1.0000e+00
   1.0000e+00
   1.0000e+00
   1.0000e+00
   1.0000e+00
   1.0000e+00
   1.0000e+00
   1.0000e+00
   1.0000e+00
   1.0000e+00
   1.0000e+00
   1.0000e+00
   1.0000e+00
   1.0000e+00
   1.0000e+00
42.1 185 -31.48201588
42.2 186 -31.48201588
42.3 186 -31.48201588
42.4 187 -31.48201588
42.5 187 -31.48201588
42.6 188 -31.48201588
42.7 188 -31.48201588
42.8 189 -31.48201588
42.9 189 -31.48201588
43 190 -31.48201588
n00=0.4318288723
evals=
   7.5752e-15
   2.1425e-13
   8.8025e-13
   6.3593e-12
   2.6219e-11
   7.5586e-11
   1.1202e-10
   1.7207e-10
   2.7835e-10
   7.0688e-10
   2.7472e-09
   5.9543e-09
   8.0691e-09
   9.3484e-09
   1.0691e-08
   1.1968e-08
   1.2632e-08
   1.3037e-08
   1.4125e-08
   1.7340e-08
   1.8808e-08
   2.1181e-08
   2.2176e-08
   2.7534e-08
   3.3520e-08
   3.8476e-08
   4.2208e-08
   7.7715e-08
   9.7932e-08
   1.0958e-07
   2.2834e-07
   2.3552e-07
   2.8885e-07
   3.1400e-07
   3.7826e-07
   4.4715e-07
   7.4648e-07
   1.0664e-06
   1.5577e-06
   2.7115e-06
   3.8358e-06
   1.0698e-05
   4.8506e-05
   1.4867e-04
   6.7832e-04
   2.5480e-03
   4.4180e-03
   8.0077e-03
   7.9451e-02
   2.7996e-01
   7.1861e-01
   9.2069e-01
   9.9237e-01
   9.9502e-01
   9.9845e-01
   9.9966e-01
   9.9994e-01
   9.9998e-01
   1.0000e+00
   1.0000e+00
   1.0000e+00
   1.0000e+00
   1.0000e+00
   1.0000e+00
   1.0000e+00
   1.0000e+00
   1.0000e+00
   1.0000e+00
   1.0000e+00
   1.0000e+00
   1.0000e+00
   1.0000e+00
   1.0000e+00
   1.0000e+00
   1.0000e+00
   1.0000e+00
   1.0000e+00
   1.0000e+00
   1.0000e+00
   1.0000e+00
   1.0000e+00
   1.0000e+00
   1.0000e+00
   1.0000e+00
   1.0000e+00
   1.0000e+00
   1.0000e+00
   1.0000e+00
   1.0000e+00
   1.0000e+00
   1.0000e+00
   1.0000e+00
   1.0000e+00
   1.0000e+00
   1.0000e+00
   1.0000e+00
   1.0000e+00
   1.0000e+00
   1.0000e+00
   1.0000e+00
43.1 190 -31.48201588
43.2 191 -31.48201588
43.3 192 -31.48201588
43.4 193 -31.48201588
43.5 193 -31.48201588
43.6 194 -31.48201588
43.7 194 -31.48201588
43.8 194 -31.48201588
43.9 195 -31.48201588
44 196 -31.48201588
n00=0.4383942859
evals=
   2.8750e-14
   1.0926e-13
   5.1133e-13
   3.2885e-12
   2.1251e-11
   5.6788e-11
   5.7969e-11
   1.5962e-10
   1.6573e-10
   1.5518e-09
   2.5298e-09
   8.3476e-09
   8.6137e-09
   9.7779e-09
   1.0898e-08
   1.2504e-08
   1.3192e-08
   1.3788e-08
   1.4864e-08
   1.7073e-08
   1.9764e-08
   2.2628e-08
   2.7291e-08
   2.9197e-08
   3.5199e-08
   3.9243e-08
   4.7543e-08
   9.4238e-08
   9.5240e-08
   1.0366e-07
   1.1800e-07
   2.2936e-07
   2.7239e-07
   3.4226e-07
   3.7377e-07
   4.5611e-07
   9.7728e-07
   1.0899e-06
   1.3456e-06
   2.5934e-06
   4.1511e-06
   1.2558e-05
   4.9967e-05
   1.5973e-04
   7.4066e-04
   2.5818e-03
   4.4959e-03
   7.9122e-03
   8.0729e-02
   2.7954e-01
   7.1901e-01
   9.1947e-01
   9.9238e-01
   9.9497e-01
   9.9839e-01
   9.9964e-01
   9.9994e-01
   9.9998e-01
   9.9999e-01
   1.0000e+00
   1.0000e+00
   1.0000e+00
   1.0000e+00
   1.0000e+00
   1.0000e+00
   1.0000e+00
   1.0000e+00
   1.0000e+00
   1.0000e+00
   1.0000e+00
   1.0000e+00
   1.0000e+00
   1.0000e+00
   1.0000e+00
   1.0000e+00
   1.0000e+00
   1.0000e+00
   1.0000e+00
   1.0000e+00
   1.0000e+00
   1.0000e+00
   1.0000e+00
   1.0000e+00
   1.0000e+00
   1.0000e+00
   1.0000e+00
   1.0000e+00
   1.0000e+00
   1.0000e+00
   1.0000e+00
   1.0000e+00
   1.0000e+00
   1.0000e+00
   1.0000e+00
   1.0000e+00
   1.0000e+00
   1.0000e+00
   1.0000e+00
   1.0000e+00
   1.0000e+00
44.1 196 -31.48201588
44.2 197 -31.48201589
44.3 197 -31.48201589
44.4 198 -31.48201589
44.5 198 -31.48201589
44.6 198 -31.48201589
44.7 199 -31.48201589
44.8 199 -31.48201589
44.9 200 -31.48201589
45 200 -31.48201589
n00=0.4445201655
evals=
   9.6905e-15
   3.5296e-13
   1.3702e-12
   7.3754e-12
   2.1269e-11
   2.1592e-11
   4.3106e-11
   1.1220e-10
   1.8707e-10
   1.5886e-09
   2.7567e-09
   6.3702e-09
   8.5176e-09
   1.0199e-08
   1.1400e-08
   1.3014e-08
   1.3533e-08
   1.4158e-08
   1.5329e-08
   1.6386e-08
   1.8140e-08
   2.0822e-08
   2.4487e-08
   3.1250e-08
   3.7465e-08
   4.0824e-08
   5.4305e-08
   8.9165e-08
   9.5539e-08
   1.0029e-07
   1.4349e-07
   2.3822e-07
   2.6489e-07
   3.0586e-07
   3.3654e-07
   4.6609e-07
   9.3530e-07
   1.1693e-06
   1.8563e-06
   2.6133e-06
   3.9443e-06
   1.4946e-05
   5.1148e-05
   1.6956e-04
   8.0888e-04
   2.6063e-03
   4.5847e-03
   7.7973e-03
   8.1896e-02
   2.7909e-01
   7.1942e-01
   9.1836e-01
   9.9240e-01
   9.9494e-01
   9.9833e-01
   9.9961e-01
   9.9994e-01
   9.9998e-01
   9.9999e-01
   1.0000e+00
   1.0000e+00
   1.0000e+00
   1.0000e+00
   1.0000e+00
   1.0000e+00
   1.0000e+00
   1.0000e+00
   1.0000e+00
   1.0000e+00
   1.0000e+00
   1.0000e+00
   1.0000e+00
   1.0000e+00
   1.0000e+00
   1.0000e+00
   1.0000e+00
   1.0000e+00
   1.0000e+00
   1.0000e+00
   1.0000e+00
   1.0000e+00
   1.0000e+00
   1.0000e+00
   1.0000e+00
   1.0000e+00
   1.0000e+00
   1.0000e+00
   1.0000e+00
   1.0000e+00
   1.0000e+00
   1.0000e+00
   1.0000e+00
   1.0000e+00
   1.0000e+00
   1.0000e+00
   1.0000e+00
   1.0000e+00
   1.0000e+00
   1.0000e+00
   1.0000e+00
45.1 200 -31.48201589
45.2 200 -31.48201589
45.3 201 -31.48201589
45.4 202 -31.48201589
45.5 202 -31.48201589
45.6 202 -31.48201589
45.7 203 -31.48201589
45.8 203 -31.48201589
45.9 204 -31.48201589
46 205 -31.48201589
n00=0.4501754323
evals=
   1.5353e-14
   4.6194e-13
   1.1435e-12
   3.2558e-12
   3.1422e-11
   3.8697e-11
   1.8160e-10
   2.0563e-10
   2.6113e-10
   5.8956e-10
   2.8572e-09
   6.6101e-09
   8.8279e-09
   1.0632e-08
   1.1167e-08
   1.3624e-08
   1.4079e-08
   1.5144e-08
   1.6353e-08
   1.8015e-08
   2.1645e-08
   2.5704e-08
   2.6293e-08
   3.2755e-08
   4.0364e-08
   4.4698e-08
   6.3067e-08
   8.9809e-08
   9.2886e-08
   1.5103e-07
   1.8925e-07
   2.2164e-07
   2.3863e-07
   2.7229e-07
   3.1393e-07
   5.4932e-07
   8.8592e-07
   1.0808e-06
   2.1493e-06
   2.9872e-06
   4.1701e-06
   1.4732e-05
   5.5138e-05
   1.8237e-04
   8.6095e-04
   2.6481e-03
   4.6904e-03
   7.6509e-03
   8.2910e-02
   2.7869e-01
   7.1976e-01
   9.1741e-01
   9.9244e-01
   9.9490e-01
   9.9828e-01
   9.9959e-01
   9.9993e-01
   9.9998e-01
   9.9999e-01
   1.0000e+00
   1.0000e+00
   1.0000e+00
   1.0000e+00
   1.0000e+00
   1.0000e+00
   1.0000e+00
   1.0000e+00
   1.0000e+00
   1.0000e+00
   1.0000e+00
   1.0000e+00
   1.0000e+00
   1.0000e+00
   1.0000e+00
   1.0000e+00
   1.0000e+00
   1.0000e+00
   1.0000e+00
   1.0000e+00
   1.0000e+00
   1.0000e+00
   1.0000e+00
   1.0000e+00
   1.0000e+00
   1.0000e+00
   1.0000e+00
   1.0000e+00
   1.0000e+00
   1.0000e+00
   1.0000e+00
   1.0000e+00
   1.0000e+00
   1.0000e+00
   1.0000e+00
   1.0000e+00
   1.0000e+00
   1.0000e+00
   1.0000e+00
   1.0000e+00
   1.0000e+00
46.1 205 -31.48201589
46.2 206 -31.48201589
46.3 207 -31.48201589
46.4 207 -31.48201589
46.5 208 -31.48201589
46.6 209 -31.48201589
46.7 209 -31.48201589
46.8 209 -31.48201589
46.9 210 -31.48201589
47 210 -31.48201589
n00=0.4553367982
evals=
   3.5306e-14
   3.6945e-13
   1.3269e-12
   4.2136e-12
   1.0894e-11
   2.0508e-11
   4.1168e-11
   7.0259e-11
   1.4821e-10
   2.3266e-09
   2.8524e-09
   9.2007e-09
   9.3701e-09
   1.1189e-08
   1.1363e-08
   1.4296e-08
   1.4663e-08
   1.5471e-08
   1.7166e-08
   1.9556e-08
   2.2208e-08
   2.3669e-08
   2.7944e-08
   3.4770e-08
   4.1891e-08
   4.4628e-08
   7.8375e-08
   8.8225e-08
   9.2036e-08
   1.3494e-07
   1.9669e-07
   2.1624e-07
   2.6812e-07
   2.7450e-07
   3.2911e-07
   7.1649e-07
   9.1081e-07
   1.0352e-06
   2.0375e-06
   2.7072e-06
   5.2186e-06
   1.4650e-05
   5.7191e-05
   2.0013e-04
   9.0954e-04
   2.6882e-03
   4.7939e-03
   7.5013e-03
   8.3805e-02
   2.7831e-01
   7.2007e-01
   9.1658e-01
   9.9249e-01
   9.9487e-01
   9.9822e-01
   9.9957e-01
   9.9993e-01
   9.9998e-01
   9.9999e-01
   1.0000e+00
   1.0000e+00
   1.0000e+00
   1.0000e+00
   1.0000e+00
   1.0000e+00
   1.0000e+00
   1.0000e+00
   1.0000e+00
   1.0000e+00
   1.0000e+00
   1.0000e+00
   1.0000e+00
   1.0000e+00
   1.0000e+00
   1.0000e+00
   1.0000e+00
   1.0000e+00
   1.0000e+00
   1.0000e+00
   1.0000e+00
   1.0000e+00
   1.0000e+00
   1.0000e+00
   1.0000e+00
   1.0000e+00
   1.0000e+00
   1.0000e+00
   1.0000e+00
   1.0000e+00
   1.0000e+00
   1.0000e+00
   1.0000e+00
   1.0000e+00
   1.0000e+00
   1.0000e+00
   1.0000e+00
   1.0000e+00
   1.0000e+00
   1.0000e+00
   1.0000e+00
47.1 210 -31.48201589
47.2 212 -31.48201589
47.3 212 -31.48201589
47.4 213 -31.48201589
47.5 213 -31.48201589
47.6 215 -31.48201589
47.7 215 -31.48201589
47.8 215 -31.48201589
47.9 216 -31.48201589
48 216 -31.48201589
n00=0.4599890086
evals=
   3.4455e-15
   8.3330e-13
   1.9288e-12
   8.3724e-12
   3.3195e-11
   6.3981e-11
   8.3240e-11
   1.5001e-10
   3.4151e-10
   1.1552e-09
   3.4829e-09
   6.9078e-09
   9.3543e-09
   1.1580e-08
   1.1797e-08
   1.4158e-08
   1.5130e-08
   1.5966e-08
   1.8019e-08
   2.0134e-08
   2.4008e-08
   3.0032e-08
   3.2900e-08
   3.4908e-08
   4.1957e-08
   4.9948e-08
   8.4836e-08
   8.9852e-08
   1.0320e-07
   1.8581e-07
   2.2037e-07
   2.4060e-07
   2.7048e-07
   3.6499e-07
   4.2749e-07
   7.3388e-07
   8.4719e-07
   1.5576e-06
   1.8758e-06
   2.4969e-06
   5.0709e-06
   1.6549e-05
   5.8809e-05
   2.1338e-04
   9.7205e-04
   2.7373e-03
   4.8579e-03
   7.3708e-03
   8.4613e-02
   2.7789e-01
   7.2043e-01
   9.1584e-01
   9.9253e-01
   9.9484e-01
   9.9817e-01
   9.9955e-01
   9.9993e-01
   9.9998e-01
   9.9999e-01
   1.0000e+00
   1.0000e+00
   1.0000e+00
   1.0000e+00
   1.0000e+00
   1.0000e+00
   1.0000e+00
   1.0000e+00
   1.0000e+00
   1.0000e+00
   1.0000e+00
   1.0000e+00
   1.0000e+00
   1.0000e+00
   1.0000e+00
   1.0000e+00
   1.0000e+00
   1.0000e+00
   1.0000e+00
   1.0000e+00
   1.0000e+00
   1.0000e+00
   1.0000e+00
   1.0000e+00
   1.0000e+00
   1.0000e+00
   1.0000e+00
   1.0000e+00
   1.0000e+00
   1.0000e+00
   1.0000e+00
   1.0000e+00
   1.0000e+00
   1.0000e+00
   1.0000e+00
   1.0000e+00
   1.0000e+00
   1.0000e+00
   1.0000e+00
   1.0000e+00
   1.0000e+00
48.1 217 -31.48201589
48.2 218 -31.48201589
48.3 219 -31.48201589
48.4 220 -31.48201589
48.5 220 -31.48201589
48.6 221 -31.4820159
48.7 221 -31.4820159
48.8 223 -31.4820159
48.9 223 -31.4820159
49 223 -31.4820159
n00=0.464125318
evals=
   3.2761e-14
   3.4780e-13
   7.5427e-13
   9.6892e-12
   2.5753e-11
   3.7446e-11
   6.8810e-11
   1.7085e-10
   2.3101e-10
   2.3143e-09
   4.1813e-09
   9.2128e-09
   9.8159e-09
   1.1815e-08
   1.2371e-08
   1.4997e-08
   1.5855e-08
   1.6631e-08
   1.8775e-08
   2.1364e-08
   2.5329e-08
   3.1820e-08
   3.5130e-08
   3.8749e-08
   4.3511e-08
   5.8339e-08
   8.4214e-08
   8.8253e-08
   9.3324e-08
   1.3168e-07
   1.7708e-07
   2.1619e-07
   2.8283e-07
   3.1789e-07
   5.0975e-07
   7.4029e-07
   8.2214e-07
   1.6882e-06
   1.9959e-06
   2.9752e-06
   4.4108e-06
   1.7146e-05
   6.4874e-05
   2.2153e-04
   1.0383e-03
   2.8071e-03
   4.8844e-03
   7.2590e-03
   8.5293e-02
   2.7751e-01
   7.2076e-01
   9.1522e-01
   9.9256e-01
   9.9482e-01
   9.9812e-01
   9.9953e-01
   9.9992e-01
   9.9998e-01
   9.9999e-01
   1.0000e+00
   1.0000e+00
   1.0000e+00
   1.0000e+00
   1.0000e+00
   1.0000e+00
   1.0000e+00
   1.0000e+00
   1.0000e+00
   1.0000e+00
   1.0000e+00
   1.0000e+00
   1.0000e+00
   1.0000e+00
   1.0000e+00
   1.0000e+00
   1.0000e+00
   1.0000e+00
   1.0000e+00
   1.0000e+00
   1.0000e+00
   1.0000e+00
   1.0000e+00
   1.0000e+00
   1.0000e+00
   1.0000e+00
   1.0000e+00
   1.0000e+00
   1.0000e+00
   1.0000e+00
   1.0000e+00
   1.0000e+00
   1.0000e+00
   1.0000e+00
   1.0000e+00
   1.0000e+00
   1.0000e+00
   1.0000e+00
   1.0000e+00
   1.0000e+00
   1.0000e+00
49.1 224 -31.4820159
49.2 225 -31.4820159
49.3 225 -31.4820159
49.4 226 -31.4820159
49.5 226 -31.4820159
49.6 226 -31.4820159
49.7 226 -31.4820159
49.8 227 -31.4820159
49.9 227 -31.4820159
50 227 -31.4820159
04:16:59: /home/yurielnf/Documents/projects/it_irlm/build-tdvp-Desktop-Release/example/irlm_star exited with code 0
