0 29 -31.482
0.1 34 -31.48201579
0.2 35 -31.48201579
0.3 35 -31.48201579
0.4 37 -31.4820158
0.5 37 -31.4820158
0.6 38 -31.4820158
0.7 39 -31.4820158
0.8 39 -31.4820158
0.9 40 -31.4820158
1 40 -31.4820158
1.1 41 -31.4820158
1.2 41 -31.4820158
1.3 41 -31.4820158
1.4 41 -31.4820158
1.5 42 -31.4820158
1.6 42 -31.4820158
1.7 42 -31.4820158
1.8 43 -31.4820158
1.9 43 -31.4820158
2 43 -31.4820158
2.1 43 -31.4820158
2.2 43 -31.4820158
2.3 44 -31.4820158
2.4 44 -31.4820158
2.5 44 -31.4820158
2.6 44 -31.4820158
2.7 44 -31.4820158
2.8 44 -31.4820158
2.9 45 -31.4820158
3 45 -31.4820158
3.1 45 -31.4820158
3.2 45 -31.4820158
3.3 45 -31.4820158
3.4 45 -31.4820158
3.5 45 -31.4820158
3.6 45 -31.4820158
3.7 45 -31.4820158
3.8 45 -31.4820158
3.9 45 -31.4820158
4 45 -31.4820158
4.1 46 -31.4820158
4.2 46 -31.4820158
4.3 46 -31.4820158
4.4 46 -31.4820158
4.5 46 -31.4820158
4.6 47 -31.4820158
4.7 47 -31.4820158
4.8 47 -31.4820158
4.9 47 -31.4820158
5 47 -31.4820158
5.1 48 -31.4820158
5.2 48 -31.4820158
5.3 48 -31.4820158
5.4 48 -31.4820158
5.5 48 -31.4820158
5.6 49 -31.4820158
5.7 49 -31.4820158
5.8 49 -31.4820158
5.9 50 -31.4820158
6 50 -31.4820158
6.1 50 -31.4820158
6.2 50 -31.4820158
6.3 50 -31.4820158
6.4 50 -31.4820158
6.5 51 -31.4820158
6.6 51 -31.4820158
6.7 51 -31.4820158
6.8 51 -31.4820158
6.9 51 -31.4820158
7 52 -31.48201581
7.1 52 -31.48201581
7.2 52 -31.48201581
7.3 52 -31.48201581
7.4 52 -31.48201581
7.5 52 -31.48201581
7.6 52 -31.48201581
7.7 53 -31.48201581
7.8 53 -31.48201581
7.9 53 -31.48201581
8 54 -31.48201581
8.1 54 -31.48201581
8.2 55 -31.48201581
8.3 55 -31.48201581
8.4 55 -31.48201581
8.5 55 -31.48201581
8.6 56 -31.48201581
8.7 56 -31.48201581
8.8 56 -31.48201581
8.9 56 -31.48201581
9 56 -31.48201581
9.1 56 -31.48201581
9.2 57 -31.48201581
9.3 57 -31.48201581
9.4 57 -31.48201581
9.5 57 -31.48201581
9.6 58 -31.48201581
9.7 59 -31.48201581
9.8 59 -31.48201581
9.9 59 -31.48201581
10 59 -31.48201581
10.1 59 -31.48201581
10.2 59 -31.48201581
10.3 60 -31.48201581
10.4 60 -31.48201581
10.5 60 -31.48201581
10.6 60 -31.48201581
10.7 60 -31.48201581
10.8 61 -31.48201581
10.9 61 -31.48201581
11 61 -31.48201581
11.1 61 -31.48201581
11.2 61 -31.48201581
11.3 61 -31.48201581
11.4 61 -31.48201581
11.5 61 -31.48201581
11.6 62 -31.48201581
11.7 63 -31.48201581
11.8 63 -31.48201581
11.9 63 -31.48201581
12 63 -31.48201581
12.1 63 -31.48201581
12.2 63 -31.48201581
12.3 63 -31.48201581
12.4 63 -31.48201582
12.5 64 -31.48201582
12.6 64 -31.48201582
12.7 64 -31.48201582
12.8 64 -31.48201582
12.9 64 -31.48201582
13 65 -31.48201582
13.1 65 -31.48201582
13.2 66 -31.48201582
13.3 66 -31.48201582
13.4 66 -31.48201582
13.5 66 -31.48201582
13.6 68 -31.48201582
13.7 68 -31.48201582
13.8 68 -31.48201582
13.9 69 -31.48201582
14 69 -31.48201582
14.1 69 -31.48201582
14.2 69 -31.48201582
14.3 69 -31.48201582
14.4 70 -31.48201582
14.5 70 -31.48201582
14.6 70 -31.48201582
14.7 70 -31.48201582
14.8 71 -31.48201582
14.9 71 -31.48201582
15 71 -31.48201582
15.1 71 -31.48201582
15.2 71 -31.48201582
15.3 72 -31.48201582
15.4 72 -31.48201582
15.5 73 -31.48201582
15.6 73 -31.48201582
15.7 73 -31.48201582
15.8 73 -31.48201582
15.9 73 -31.48201582
16 74 -31.48201582
16.1 74 -31.48201582
16.2 74 -31.48201582
16.3 74 -31.48201582
16.4 74 -31.48201582
16.5 74 -31.48201582
16.6 75 -31.48201582
16.7 75 -31.48201583
16.8 76 -31.48201583
16.9 76 -31.48201583
17 77 -31.48201583
17.1 77 -31.48201583
17.2 77 -31.48201583
17.3 77 -31.48201583
17.4 77 -31.48201583
17.5 77 -31.48201583
17.6 78 -31.48201583
17.7 78 -31.48201583
17.8 78 -31.48201583
17.9 78 -31.48201583
18 78 -31.48201583
18.1 79 -31.48201583
18.2 80 -31.48201583
18.3 80 -31.48201583
18.4 80 -31.48201583
18.5 80 -31.48201583
18.6 80 -31.48201583
18.7 81 -31.48201583
18.8 81 -31.48201583
18.9 81 -31.48201583
19 81 -31.48201583
19.1 81 -31.48201583
19.2 81 -31.48201583
19.3 81 -31.48201583
19.4 82 -31.48201583
19.5 82 -31.48201583
19.6 83 -31.48201583
19.7 84 -31.48201583
19.8 84 -31.48201583
19.9 84 -31.48201583
20 85 -31.48201583
20.1 85 -31.48201583
20.2 85 -31.48201583
20.3 86 -31.48201583
20.4 86 -31.48201583
20.5 87 -31.48201583
20.6 87 -31.48201583
20.7 87 -31.48201583
20.8 88 -31.48201583
20.9 88 -31.48201583
21 88 -31.48201583
21.1 88 -31.48201584
21.2 89 -31.48201584
21.3 90 -31.48201584
21.4 90 -31.48201584
21.5 90 -31.48201584
21.6 90 -31.48201584
21.7 91 -31.48201584
21.8 92 -31.48201584
21.9 92 -31.48201584
22 92 -31.48201584
22.1 92 -31.48201584
22.2 92 -31.48201584
22.3 92 -31.48201584
22.4 92 -31.48201584
22.5 92 -31.48201584
22.6 93 -31.48201584
22.7 93 -31.48201584
22.8 93 -31.48201584
22.9 94 -31.48201584
23 94 -31.48201584
23.1 94 -31.48201584
23.2 95 -31.48201584
23.3 95 -31.48201584
23.4 96 -31.48201584
23.5 96 -31.48201584
23.6 96 -31.48201584
23.7 97 -31.48201584
23.8 97 -31.48201584
23.9 98 -31.48201584
24 98 -31.48201584
24.1 99 -31.48201584
24.2 99 -31.48201584
24.3 99 -31.48201584
24.4 100 -31.48201584
24.5 101 -31.48201584
24.6 102 -31.48201584
24.7 102 -31.48201584
24.8 102 -31.48201584
24.9 104 -31.48201584
25 104 -31.48201584
25.1 104 -31.48201584
25.2 105 -31.48201584
25.3 105 -31.48201584
25.4 105 -31.48201584
25.5 106 -31.48201584
25.6 107 -31.48201584
25.7 107 -31.48201584
25.8 107 -31.48201584
25.9 108 -31.48201585
26 108 -31.48201585
26.1 109 -31.48201585
26.2 110 -31.48201585
26.3 111 -31.48201585
26.4 111 -31.48201585
26.5 111 -31.48201585
26.6 112 -31.48201585
26.7 112 -31.48201585
26.8 112 -31.48201585
26.9 112 -31.48201585
27 114 -31.48201585
27.1 115 -31.48201585
27.2 115 -31.48201585
27.3 115 -31.48201585
27.4 115 -31.48201585
27.5 116 -31.48201585
27.6 117 -31.48201585
27.7 117 -31.48201585
27.8 118 -31.48201585
27.9 118 -31.48201585
28 119 -31.48201585
28.1 120 -31.48201585
28.2 120 -31.48201585
28.3 121 -31.48201585
28.4 121 -31.48201585
28.5 121 -31.48201585
28.6 121 -31.48201585
28.7 122 -31.48201585
28.8 122 -31.48201585
28.9 122 -31.48201585
29 122 -31.48201585
29.1 123 -31.48201585
29.2 124 -31.48201585
29.3 124 -31.48201585
29.4 125 -31.48201585
29.5 125 -31.48201585
29.6 125 -31.48201585
29.7 126 -31.48201585
29.8 126 -31.48201585
29.9 126 -31.48201585
30 127 -31.48201585
30.1 128 -31.48201585
30.2 128 -31.48201585
30.3 128 -31.48201585
30.4 129 -31.48201585
30.5 130 -31.48201585
30.6 130 -31.48201586
30.7 131 -31.48201586
30.8 132 -31.48201586
30.9 132 -31.48201586
31 132 -31.48201586
31.1 134 -31.48201586
31.2 134 -31.48201586
31.3 135 -31.48201586
31.4 136 -31.48201586
31.5 136 -31.48201586
31.6 136 -31.48201586
31.7 136 -31.48201586
31.8 136 -31.48201586
31.9 137 -31.48201586
32 138 -31.48201586
32.1 138 -31.48201586
32.2 138 -31.48201586
32.3 139 -31.48201586
32.4 139 -31.48201586
32.5 139 -31.48201586
32.6 140 -31.48201586
32.7 140 -31.48201586
32.8 141 -31.48201586
32.9 141 -31.48201586
33 142 -31.48201586
33.1 143 -31.48201586
33.2 143 -31.48201586
33.3 143 -31.48201586
33.4 143 -31.48201586
33.5 143 -31.48201586
33.6 144 -31.48201586
33.7 144 -31.48201586
33.8 145 -31.48201586
33.9 145 -31.48201586
34 145 -31.48201586
34.1 146 -31.48201586
34.2 146 -31.48201586
34.3 146 -31.48201586
34.4 147 -31.48201586
34.5 147 -31.48201586
34.6 148 -31.48201586
34.7 148 -31.48201586
34.8 148 -31.48201586
34.9 149 -31.48201586
35 150 -31.48201586
35.1 150 -31.48201587
35.2 150 -31.48201587
35.3 150 -31.48201587
35.4 151 -31.48201587
35.5 151 -31.48201587
35.6 151 -31.48201587
35.7 153 -31.48201587
35.8 153 -31.48201587
35.9 153 -31.48201587
36 154 -31.48201587
36.1 154 -31.48201587
36.2 154 -31.48201587
36.3 155 -31.48201587
36.4 156 -31.48201587
36.5 157 -31.48201587
36.6 157 -31.48201587
36.7 158 -31.48201587
36.8 158 -31.48201587
36.9 158 -31.48201587
37 159 -31.48201587
37.1 159 -31.48201587
37.2 160 -31.48201587
37.3 160 -31.48201587
37.4 161 -31.48201587
37.5 161 -31.48201587
37.6 161 -31.48201587
37.7 162 -31.48201587
37.8 162 -31.48201587
37.9 163 -31.48201587
38 163 -31.48201587
38.1 163 -31.48201587
38.2 164 -31.48201587
38.3 164 -31.48201587
38.4 165 -31.48201587
38.5 165 -31.48201587
38.6 166 -31.48201587
38.7 167 -31.48201587
38.8 167 -31.48201587
38.9 168 -31.48201587
39 169 -31.48201587
39.1 169 -31.48201587
39.2 169 -31.48201587
39.3 170 -31.48201587
39.4 171 -31.48201587
39.5 172 -31.48201587
39.6 172 -31.48201587
39.7 172 -31.48201588
39.8 173 -31.48201588
39.9 173 -31.48201588
40 174 -31.48201588
40.1 175 -31.48201588
40.2 176 -31.48201588
40.3 176 -31.48201588
40.4 176 -31.48201588
40.5 178 -31.48201588
40.6 178 -31.48201588
40.7 179 -31.48201588
40.8 179 -31.48201588
40.9 180 -31.48201588
41 180 -31.48201588
41.1 182 -31.48201588
41.2 182 -31.48201588
41.3 183 -31.48201588
41.4 183 -31.48201588
41.5 183 -31.48201588
41.6 183 -31.48201588
41.7 183 -31.48201588
41.8 184 -31.48201588
41.9 184 -31.48201588
42 185 -31.48201588
42.1 185 -31.48201588
42.2 186 -31.48201588
42.3 186 -31.48201588
42.4 187 -31.48201588
42.5 187 -31.48201588
42.6 188 -31.48201588
42.7 188 -31.48201588
42.8 189 -31.48201588
42.9 189 -31.48201588
43 190 -31.48201588
43.1 190 -31.48201588
43.2 191 -31.48201588
43.3 192 -31.48201588
43.4 193 -31.48201588
43.5 193 -31.48201588
43.6 194 -31.48201588
43.7 194 -31.48201588
43.8 194 -31.48201588
43.9 195 -31.48201588
44 196 -31.48201588
44.1 196 -31.48201588
44.2 197 -31.48201589
44.3 197 -31.48201589
44.4 198 -31.48201589
44.5 198 -31.48201589
44.6 198 -31.48201589
44.7 199 -31.48201589
44.8 199 -31.48201589
44.9 200 -31.48201589
45 200 -31.48201589
45.1 200 -31.48201589
45.2 200 -31.48201589
45.3 201 -31.48201589
45.4 202 -31.48201589
45.5 202 -31.48201589
45.6 202 -31.48201589
45.7 203 -31.48201589
45.8 203 -31.48201589
45.9 204 -31.48201589
46 205 -31.48201589
46.1 205 -31.48201589
46.2 206 -31.48201589
46.3 207 -31.48201589
46.4 207 -31.48201589
46.5 208 -31.48201589
46.6 209 -31.48201589
46.7 209 -31.48201589
46.8 209 -31.48201589
46.9 210 -31.48201589
47 210 -31.48201589
47.1 210 -31.48201589
47.2 212 -31.48201589
47.3 212 -31.48201589
47.4 213 -31.48201589
47.5 213 -31.48201589
47.6 215 -31.48201589
47.7 215 -31.48201589
47.8 215 -31.48201589
47.9 216 -31.48201589
48 216 -31.48201589
48.1 217 -31.48201589
48.2 218 -31.48201589
48.3 219 -31.48201589
48.4 220 -31.48201589
48.5 220 -31.48201589
48.6 221 -31.4820159
48.7 221 -31.4820159
48.8 223 -31.4820159
48.9 223 -31.4820159
49 223 -31.4820159
49.1 224 -31.4820159
49.2 225 -31.4820159
49.3 225 -31.4820159
49.4 226 -31.4820159
49.5 226 -31.4820159
49.6 226 -31.4820159
49.7 226 -31.4820159
49.8 227 -31.4820159
49.9 227 -31.4820159
50 227 -31.4820159
