0.9999335591
0.9932198798
0.9742332638
0.9458349533
0.9113010965
0.8732934677
0.8335053547
0.7928368647
0.7517855561
0.7108140331
0.6704959793
0.6314402822
0.5941560903
0.5589810413
0.5261108901
0.4956807409
0.4678208189
0.4426537454
0.420262059
0.400663309
0.383807256
0.3695998044
0.3579363281
0.3487066381
0.3417898899
0.3370436844
0.3343040533
0.3333917186
0.3341230056
0.3363190164
0.3398040709
0.3444032934
0.3499444195
0.356259326
0.3631859824
0.3705747768
0.3782875666
0.3861947893
0.3941773815
0.4021273158
0.4099468476
0.4175499815
0.424864079
0.4318288723
0.4383942859
0.4445201655
0.4501754323
0.4553367982
0.4599890086
0.464125318
