2.1 67 -1.938512615188 0.97526260564728
2.3 67 -1.938512615191 0.97069070684362
2.5 67 -1.938512615194 0.96582667701875
2.7 67 -1.938512615197 0.96069753793369
2.9 67 -1.9385126152001 0.95533067885838
3.1 76 -1.9385126152033 0.949753542432
3.3 76 -1.9385126152063 0.94399332665245
3.5 76 -1.9385126152094 0.93807670870245
3.7 76 -1.9385126152125 0.93202959009297
3.9 76 -1.9385126152156 0.92587686949349
4.1 83 -1.9385126152188 0.91964224368065
4.3 83 -1.9385126152219 0.91334803478982
4.5 83 -1.938512615225 0.90701504984686
4.7 83 -1.938512615228 0.90066246499051
4.9 83 -1.9385126152311 0.89430773834734
5.1 89 -1.9385126152343 0.88796654923671
5.3 89 -1.9385126152374 0.88165275869048
5.5 89 -1.9385126152404 0.87537839899506
5.7 89 -1.9385126152435 0.86915367889354
5.9 89 -1.9385126152465 0.86298701138541
6.1 96 -1.9385126152497 0.85688506033911
6.3 96 -1.9385126152527 0.85085280013231
6.5 96 -1.9385126152557 0.84489359888652
6.7 96 -1.9385126152586 0.8390093090168
6.9 96 -1.9385126152616 0.83320037478415
7.1 103 -1.9385126152647 0.82746595261964
7.3 103 -1.9385126152677 0.82180403704007
7.5 103 -1.9385126152706 0.81621160684316
7.7 103 -1.9385126152736 0.81068476920477
7.9 103 -1.9385126152765 0.80521891515849
8.1 111 -1.9385126152797 0.7998088798268
8.3 111 -1.9385126152826 0.79444909887359
8.5 111 -1.9385126152856 0.78913377708843
8.7 111 -1.9385126152886 0.78385704251246
8.9 111 -1.9385126152915 0.77861310150264
9.1 117 -1.9385126152947 0.77339638630729
9.3 117 -1.9385126152977 0.76820168589869
9.5 117 -1.9385126153007 0.76302427760177
9.7 117 -1.9385126153037 0.75786003063955
9.9 117 -1.9385126153067 0.75270549984087
10.1 123 -1.9385126153099 0.74755800117715
10.3 123 -1.9385126153129 0.7424156620064
10.5 123 -1.938512615316 0.73727746392851
10.7 123 -1.938512615319 0.73214325344527
10.9 123 -1.9385126153221 0.72701373934357
11.1 128 -1.9385126153253 0.72189047118365
11.3 128 -1.9385126153284 0.71677579576517
11.5 128 -1.9385126153315 0.71167280741265
11.7 128 -1.9385126153345 0.70658527489521
11.9 128 -1.9385126155615 0.70151756680851
12.1 136 -1.9385126157139 0.69647454475872
12.3 136 -1.9385126158092 0.69146148357422
12.5 136 -1.9385126158667 0.68648396425365
12.7 136 -1.9385126159056 0.68154776918425
12.9 136 -1.9385126159436 0.67665877785912
13.1 142 -1.9385126159945 0.67182286313799
13.3 142 -1.9385126160676 0.66704579427178
13.5 142 -1.9385126161712 0.66233313763121
13.7 142 -1.9385126163122 0.65769017024262
13.9 142 -1.9385126164951 0.6531217963067
14.1 148 -1.9385126167222 0.64863247009269
14.3 148 -1.9385126167253 0.64422613292085
14.5 148 -1.9385126167283 0.63990615151118
14.7 148 -1.9385126167314 0.6356752671646
14.9 148 -1.9385126167344 0.63153555550209
15.1 154 -1.9385126167377 0.6274883929145
15.3 154 -1.9385126167407 0.62353444280069
15.5 154 -1.9385126167438 0.61967363188575
15.7 154 -1.9385126167469 0.6159051570327
15.9 154 -1.9385126167499 0.61222749278644
16.1 161 -1.9385126167532 0.608638409971
16.3 161 -1.9385126167562 0.60513501562961
16.5 161 -1.9385126167592 0.60171378361027
16.7 161 -1.9385126167622 0.59837061725855
16.9 161 -1.93851261691 0.59510091244475
17.1 168 -1.9385126171671 0.59189963026505
17.3 168 -1.938512617378 0.58876138925024
17.5 168 -1.9385126175481 0.5856805465058
17.7 168 -1.9385126176861 0.58265130383359
17.9 168 -1.938512617804 0.57966780925015
18.1 175 -1.9385126179161 0.57672426121101
18.3 175 -1.9385126180369 0.57381502169692
18.5 175 -1.9385126181812 0.57093470959039
18.7 175 -1.9385126183618 0.56807830739991
18.9 175 -1.938512618588 0.56524125182845
19.1 181 -1.9385126187218 0.56241951132594
19.3 181 -1.9385126187247 0.55960967202285
19.5 181 -1.9385126187276 0.55680898782302
19.7 181 -1.9385126187305 0.5540154236625
19.9 181 -1.9385126187334 0.55122768694116
20.1 188 -1.9385126187365 0.54844523959381
20.3 188 -1.9385126187394 0.54566830354785
20.5 188 -1.9385126187423 0.54289783365146
20.7 188 -1.9385126187452 0.54013549391193
20.9 188 -1.9385126187482 0.53738361263387
21.1 195 -1.9385126187513 0.53464512618356
21.3 195 -1.9385126187542 0.53192352416405
21.5 195 -1.9385126187571 0.52922276669469
21.7 195 -1.9385126187599 0.52654721758534
21.9 195 -1.9385126188893 0.52390156824414
22.1 202 -1.9385126191063 0.52129074650829
22.3 202 -1.9385126192748 0.51871984964673
22.5 202 -1.9385126194015 0.51619405888322
22.7 202 -1.9385126194943 0.5137185711205
22.9 202 -1.9385126195613 0.51129852478746
23.1 209 -1.9385126196104 0.50893892852221
23.3 209 -1.9385126196478 0.50664461085882
23.5 209 -1.9385126196792 0.50442013898823
23.7 209 -1.9385126197086 0.50226977502401
23.9 209 -1.9385126197396 0.50019741806781
24.1 217 -1.9385126197747 0.49820654799099
24.3 217 -1.9385126198152 0.49630019192896
24.5 217 -1.9385126198626 0.49448085185483
24.7 217 -1.9385126199175 0.4927504752764
24.9 217 -1.9385126199802 0.49111040810446
25.1 225 -1.9385126200512 0.48956135104957
25.3 225 -1.9385126201296 0.48810333947934
25.5 225 -1.9385126202154 0.48673569022618
25.7 225 -1.938512620308 0.48545699404986
25.9 225 -1.9385126204064 0.48426509716934
26.1 232 -1.9385126205097 0.483157093296
26.3 232 -1.9385126206162 0.48212934497214
26.5 232 -1.9385126207253 0.48117748241962
26.7 232 -1.9385126208358 0.48029645212061
26.9 232 -1.938512620947 0.4794805622461
27.1 241 -1.9385126210582 0.47872354376226
27.3 241 -1.938512621168 0.47801864074282
27.5 241 -1.9385126212753 0.47735868514743
27.7 241 -1.9385126213786 0.4767362132927
27.9 241 -1.9385126214762 0.47614357773985
28.1 251 -1.9385126215667 0.4755730669554
28.3 251 -1.9385126216483 0.47501704400249
28.5 251 -1.9385126217203 0.4744680577378
28.7 251 -1.9385126217822 0.473918980968
28.9 251 -1.9385126218344 0.47336312840236
29.1 259 -1.9385126218777 0.4727943657345
29.3 259 -1.9385126219129 0.47220722081952
29.5 259 -1.9385126219418 0.47159695118538
29.7 259 -1.9385126219661 0.470959623476
29.9 259 -1.9385126219873 0.47029215949496
30.1 268 -1.9385126220069 0.46959236309909
30.3 268 -1.9385126220253 0.46885893948575
30.5 268 -1.9385126220438 0.46809147022489
30.7 268 -1.9385126220629 0.46729039511044
30.9 268 -1.9385126220837 0.46645696488783
31.1 277 -1.9385126221074 0.46559318043859
31.3 277 -1.9385126221345 0.46470173032147
31.5 277 -1.9385126221651 0.46378589986811
31.7 277 -1.9385126221973 0.46284949490016
31.9 277 -1.9385126222277 0.46189675273001
32.1 286 -1.9385126222538 0.46093225354415
32.3 286 -1.9385126222755 0.45996084380901
32.5 286 -1.938512622296 0.45898754526067
32.7 286 -1.9385126223193 0.45801748954051
32.9 286 -1.9385126223483 0.45705585047134
33.1 295 -1.9385126223849 0.45610778398101
33.3 295 -1.9385126224289 0.45517838682957
33.5 295 -1.9385126224797 0.45427264052149
33.7 295 -1.9385126225363 0.45339538378308
33.9 295 -1.9385126225973 0.45255127903604
34.1 304 -1.9385126226616 0.45174478246977
34.3 304 -1.9385126227272 0.4509801286484
34.5 304 -1.9385126227925 0.45026129154557
34.7 304 -1.9385126228558 0.44959196992315
34.9 304 -1.938512622916 0.44897555903644
35.1 315 -1.938512623079 0.44841512769442
35.3 315 -1.9385126233357 0.44791338361129
35.5 315 -1.9385126235827 0.44747262789142
35.7 315 -1.9385126238261 0.44709474597719
35.9 315 -1.9385126240716 0.44678116466342
36.1 325 -1.9385126242838 0.44653281460175
36.3 325 -1.9385126245495 0.44635012227881
36.5 325 -1.9385126248329 0.44623295251941
36.7 325 -1.9385126251388 0.44618061108468
36.9 325 -1.9385126254714 0.44619182792238
37.1 334 -1.9385126258001 0.44626475014054
37.3 334 -1.9385126260603 0.44639696948619
37.5 334 -1.9385126261893 0.44658551334956
37.7 334 -1.9385126263129 0.44682689663838
37.9 334 -1.9385126264315 0.4471171581132
38.1 342 -1.9385126265721 0.44745191367612
38.3 342 -1.9385126266826 0.44782642661143
38.5 342 -1.9385126267901 0.44823567107621
38.7 342 -1.9385126268956 0.44867441794717
38.9 342 -1.938512627 0.44913731746162
39.1 351 -1.938512627079 0.44961898099113
39.3 351 -1.9385126271834 0.45011408715247
39.5 351 -1.9385126272891 0.45061743659075
39.7 351 -1.9385126273965 0.45112405126658
39.9 351 -1.9385126275063 0.45162924232107
40.1 361 -1.9385126275916 0.45212866962707
40.3 361 -1.938512627707 0.45261841559618
40.5 361 -1.9385126279645 0.45309500206944
40.7 361 -1.9385126283557 0.45355543608152
40.9 361 -1.9385126287467 0.45399722697716
41.1 371 -1.9385126291169 0.45441839521388
41.3 371 -1.938512629536 0.4548174866189
41.5 371 -1.9385126296614 0.4551935301266
41.7 371 -1.9385126297855 0.45554604144803
41.9 371 -1.9385126299072 0.45587498337636
42.1 381 -1.9385126300489 0.45618073073721
42.3 381 -1.9385126301626 0.45646403998302
42.5 381 -1.9385126302708 0.45672599086946
42.7 381 -1.9385126303727 0.4569679501373
42.9 381 -1.9385126304678 0.45719152149311
43.1 393 -1.9385126305819 0.45739849534912
43.3 393 -1.9385126306619 0.45759081082971
43.5 393 -1.9385126307342 0.45777049509712
43.7 393 -1.9385126308482 0.457939629563
43.9 393 -1.9385126310935 0.45810030427643
44.1 405 -1.9385126313103 0.45825456622357
44.3 405 -1.9385126315037 0.45840440622225
44.5 405 -1.9385126316719 0.45855169977518
44.7 405 -1.9385126318159 0.45869818841372
44.9 405 -1.9385126319375 0.45884544811111
45.1 417 -1.938512632015 0.45899486178993
45.3 417 -1.9385126321011 0.45914761108539
45.5 417 -1.9385126321761 0.45930464246139
45.7 417 -1.9385126322453 0.45946666865904
45.9 417 -1.9385126323145 0.45963416025396
46.1 429 -1.9385126323716 0.45980734334231
46.3 429 -1.9385126324563 0.45998621567772
46.5 429 -1.9385126325547 0.46017054334007
46.7 429 -1.9385126326696 0.46035988854153
46.9 429 -1.9385126328028 0.46055363018849
47.1 440 -1.9385126329188 0.46075098880584
47.3 440 -1.9385126333809 0.46095107433203
47.5 440 -1.9385126338356 0.46115289187538
47.7 440 -1.9385126343002 0.46135540142981
47.9 440 -1.9385126346404 0.46155754667963
48.1 452 -1.9385126349488 0.46175829434486
48.3 452 -1.9385126350083 0.46195666752436
48.5 452 -1.9385126350749 0.46215178265865
48.7 452 -1.9385126351486 0.46234286711983
48.9 452 -1.9385126352296 0.46252928386744
49.1 465 -1.9385126352967 0.46271054400946
49.3 465 -1.9385126353916 0.46288632440138
49.5 465 -1.9385126354929 0.46305645547055
49.7 465 -1.9385126356 0.46322092609525
49.9 465 -1.9385126357124 0.46337987120239
50.1 477 -1.9385126358011 0.46353355525364
50.3 477 -1.9385126359216 0.46368236161758
50.5 477 -1.9385126360451 0.46382676136367
50.7 477 -1.9385126361709 0.46396730021994
50.9 477 -1.9385126362982 0.46410457723293
51.1 490 -1.9385126363952 0.46423922655113
51.3 490 -1.9385126365235 0.46437190906685
51.5 490 -1.9385126366512 0.46450329635003
51.7 490 -1.9385126367776 0.46463407239633
51.9 490 -1.938512636902 0.46476493462918
52.1 503 -1.9385126369941 0.46489660097619
52.3 503 -1.9385126372459 0.46502982764016
52.5 503 -1.9385126375964 0.46516541547581
52.7 503 -1.9385126379066 0.46530423138398
52.9 503 -1.938512638183 0.46544723297744
53.1 511 -1.9385126384102 0.4655954837717
53.3 511 -1.9385126386368 0.46575016846153
53.5 511 -1.9385126388463 0.46591260329984
53.7 511 -1.9385126390435 0.46608423994352
53.9 511 -1.9385126392329 0.46626666119254
54.1 512 -1.9385126394088 0.46646156811367
54.3 512 -1.9385126395959 0.46667075503246
54.5 512 -1.9385126397882 0.46689607936324
54.7 512 -1.9385126399893 0.4671394175571
54.9 512 -1.9385126402009 0.46740261491642
55.1 512 -1.9385126404055 0.46768742868981
55.3 512 -1.9385126406355 0.46799546392561
55.5 512 -1.938512640869 0.46832811184508
55.7 512 -1.9385126411006 0.46868648368565
55.9 512 -1.9385126413247 0.4690713501523
56.1 512 -1.9385126415064 0.46948308645675
56.3 512 -1.9385126417044 0.46992162588736
56.5 512 -1.9385126418876 0.47038642481132
56.7 512 -1.9385126422511 0.47087643483595
56.9 512 -1.9385126425509 0.47139011438192
57.1 512 -1.9385126428226 0.47192541488635
57.3 512 -1.9385126430974 0.47247981651331
57.5 512 -1.9385126434082 0.47305036070335
57.7 512 -1.9385126437764 0.47363370775849
57.9 512 -1.9385126439687 0.47422619984059
58.1 512 -1.9385126441558 0.47482394082618
58.3 512 -1.938512644347 0.47542288141374
58.5 512 -1.938512644537 0.47601889899489
58.7 512 -1.9385126447257 0.47660789390309
58.9 512 -1.938512644913 0.4771858756842
59.1 512 -1.9385126451042 0.47774904442607
59.3 512 -1.9385126452906 0.47829387423662
59.5 512 -1.9385126454794 0.47881716781968
59.7 512 -1.9385126456736 0.47931611859659
59.9 512 -1.9385126458768 0.47978835035343
60.1 512 -1.9385126460988 0.4802319429705
60.3 512 -1.9385126463293 0.48064545590178
60.5 512 -1.9385126465767 0.48102791570893
60.7 512 -1.9385126468415 0.48137881435931
60.9 512 -1.9385126471231 0.48169808543195
61.1 512 -1.9385126474111 0.48198607123233
61.3 512 -1.9385126477222 0.48224349594149
61.5 512 -1.9385126480454 0.48247140836094
61.7 512 -1.9385126483788 0.48267114783775
61.9 512 -1.9385126487209 0.48284429668864
62.1 512 -1.9385126490482 0.48299263372078
62.3 512 -1.9385126494017 0.48311810342786
62.5 512 -1.9385126497571 0.48322276254406
62.7 512 -1.9385126501112 0.48330875702753
62.9 512 -1.9385126504603 0.48337829039997
63.1 512 -1.9385126507981 0.48343359651367
63.3 512 -1.9385126511269 0.48347692865611
63.5 512 -1.938512651441 0.48351052673879
63.7 512 -1.9385126517382 0.48353661172199
63.9 512 -1.9385126520706 0.4835573704757
64.1 512 -1.9385126524987 0.4835749370519
64.3 512 -1.9385126529242 0.48359138424831
64.5 512 -1.9385126533081 0.48360869652413
64.7 512 -1.9385126536505 0.48362876311207
64.9 512 -1.9385126539537 0.48365335367966
65.1 512 -1.9385126542111 0.48368409279516
65.3 512 -1.938512654452 0.48372245076036
65.5 512 -1.9385126546721 0.48376969800541
65.7 512 -1.9385126548778 0.48382689549931
65.9 512 -1.9385126550751 0.48389486866131
66.1 512 -1.938512655261 0.48397418475115
66.3 512 -1.9385126554548 0.48406514850468
66.5 512 -1.9385126556523 0.48416777454216
66.7 512 -1.9385126558566 0.48428179444569
66.9 512 -1.9385126560706 0.48440665653041
67.1 512 -1.93851265629 0.48454153314648
67.3 512 -1.9385126565287 0.48468534943426
67.5 512 -1.9385126567812 0.48483679221793
67.7 512 -1.9385126570479 0.4849943532945
67.9 512 -1.9385126573296 0.48515636507258
68.1 512 -1.9385126576064 0.48532103993207
68.3 512 -1.9385126579203 0.48548653191613
68.5 512 -1.9385126580749 0.48565095681153
68.7 512 -1.9385126581848 0.48581246946291
68.9 512 -1.9385126583088 0.48596929604578
69.1 512 -1.9385126584767 0.48611977429853
69.3 512 -1.9385126586287 0.48626240483897
69.5 512 -1.9385126587935 0.48639586662788
69.7 512 -1.93851265897 0.48651905372197
69.9 512 -1.938512659157 0.48663109054806
70.1 512 -1.938512659369 0.48673133907468
70.3 512 -1.9385126595732 0.48681941500634
70.5 512 -1.9385126597852 0.48689516396756
70.7 512 -1.9385126600051 0.48695866450245
70.9 512 -1.9385126602338 0.48701020928891
71.1 512 -1.9385126604784 0.48705028215148
71.3 512 -1.9385126607293 0.48707954936983
71.5 512 -1.9385126609951 0.48709881502865
71.7 512 -1.9385126612796 0.48710901041565
71.9 512 -1.9385126615874 0.48711116678804
72.1 512 -1.9385126618808 0.48710639045325
72.3 512 -1.9385126622485 0.48709585309063
72.5 512 -1.9385126625248 0.48708075743438
72.7 512 -1.9385126626779 0.48706233386017
72.9 512 -1.9385126628218 0.48704182612193
73.1 512 -1.9385126629238 0.4870204770346
73.3 512 -1.9385126630478 0.4869995305198
73.5 512 -1.9385126631616 0.48698021000124
73.7 512 -1.9385126632655 0.48696372178865
73.9 512 -1.9385126633597 0.48695124636107
74.1 512 -1.938512663472 0.48694392885746
74.3 512 -1.9385126635484 0.48694288232048
74.5 512 -1.9385126636169 0.48694916237447
74.7 512 -1.9385126636781 0.48696376787967
74.9 512 -1.938512663733 0.48698762663646
75.1 512 -1.9385126638206 0.48702158036352
75.3 512 -1.9385126641234 0.48706638864539
75.5 512 -1.9385126643809 0.48712267765123
75.7 512 -1.9385126645966 0.48719096056279
75.9 512 -1.9385126647778 0.48727161530866
76.1 512 -1.9385126649747 0.48736487225057
76.3 512 -1.9385126651238 0.4874708149904
76.5 512 -1.9385126652804 0.48758936228936
76.7 512 -1.9385126654616 0.48772027469237
76.9 512 -1.9385126656837 0.48786315356178
77.1 512 -1.9385126659887 0.48801744347977
77.3 512 -1.93851266601 0.48818244197326
77.5 512 -1.9385126660312 0.4883573138521
77.7 512 -1.9385126660524 0.48854109512238
77.9 512 -1.9385126660743 0.48873270976818
78.1 512 -1.9385126661317 0.48893098209177
78.3 512 -1.938512666156 0.48913465906151
78.5 512 -1.9385126661821 0.4893424126461
78.7 512 -1.9385126662104 0.4895528609886
78.9 512 -1.9385126662412 0.48976457862269
79.1 512 -1.9385126663127 0.48997610555467
79.3 512 -1.9385126663488 0.49018596459573
79.5 512 -1.9385126663875 0.49039265904039
79.7 512 -1.9385126664288 0.49059468878214
79.9 512 -1.9385126664724 0.49079055723768
80.1 512 -1.9385126665475 0.49097877940573
80.3 512 -1.9385126665942 0.49115789999101
80.5 512 -1.9385126666414 0.49132649705571
80.7 512 -1.9385126666883 0.49148320552405
80.9 512 -1.9385126667341 0.49162673560707
81.1 512 -1.9385126668153 0.49175589512388
