2.1 67 -1.938512615188 0.97526260564728
2.2 67 -1.9385126151895 0.97301483826247
2.3 67 -1.938512615191 0.97069070684362
2.4 67 -1.9385126151925 0.96829353184118
2.5 67 -1.938512615194 0.96582667701875
2.6 67 -1.9385126151955 0.96329353916226
2.7 67 -1.938512615197 0.96069753793369
2.8 67 -1.9385126151985 0.95804210591168
2.9 67 -1.9385126152001 0.95533067885838
3 67 -1.9385126152016 0.95256668624902
3.1 76 -1.9385126152033 0.949753542432
3.2 76 -1.9385126152048 0.94689463680244
3.3 76 -1.9385126152063 0.94399332665245
3.4 76 -1.9385126152079 0.9410529281305
3.5 76 -1.9385126152094 0.93807670870245
3.6 76 -1.938512615211 0.93506787983326
3.7 76 -1.9385126152125 0.93202959009297
3.8 76 -1.938512615214 0.92896491869786
3.9 76 -1.9385126152156 0.92587686949349
4 76 -1.9385126152171 0.92276836538384
4.1 83 -1.9385126152188 0.91964224368065
4.2 83 -1.9385126152203 0.91650124965382
4.3 83 -1.9385126152219 0.91334803478982
4.4 83 -1.9385126152234 0.91018515144448
4.5 83 -1.938512615225 0.90701504984686
4.6 83 -1.9385126152265 0.90384007516553
4.7 83 -1.938512615228 0.90066246499051
4.8 83 -1.9385126152296 0.89748434722093
4.9 83 -1.9385126152311 0.89430773834734
5 83 -1.9385126152326 0.89113454211717
5.1 89 -1.9385126152343 0.88796654923671
5.2 89 -1.9385126152359 0.88480543417884
5.3 89 -1.9385126152374 0.88165275869048
5.4 89 -1.9385126152389 0.87850996943879
5.5 89 -1.9385126152404 0.87537839899506
5.6 89 -1.938512615242 0.8722592665443
5.7 89 -1.9385126152435 0.86915367889354
5.8 89 -1.938512615245 0.86606263176815
5.9 89 -1.9385126152465 0.86298701138541
6 89 -1.938512615248 0.8599275962953
6.1 96 -1.9385126152497 0.85688506033911
6.2 96 -1.9385126152512 0.85385997165925
6.3 96 -1.9385126152527 0.85085280013231
6.4 96 -1.9385126152542 0.84786391704422
6.5 96 -1.9385126152557 0.84489359888652
6.6 96 -1.9385126152572 0.84194203059934
6.7 96 -1.9385126152586 0.8390093090168
6.8 96 -1.9385126152601 0.83609544650516
6.9 96 -1.9385126152616 0.83320037478415
7 96 -1.9385126152631 0.83032394892154
7.1 103 -1.9385126152647 0.82746595261964
7.2 103 -1.9385126152662 0.82462609809419
7.3 103 -1.9385126152677 0.82180403704007
7.4 103 -1.9385126152692 0.81899936094816
7.5 103 -1.9385126152706 0.81621160684316
7.6 103 -1.9385126152721 0.81344026207633
7.7 103 -1.9385126152736 0.81068476920477
7.8 103 -1.9385126152751 0.80794453094127
7.9 103 -1.9385126152765 0.80521891515849
8 103 -1.938512615278 0.80250725993021
8.1 111 -1.9385126152797 0.7998088798268
8.2 111 -1.9385126152812 0.79712306606391
8.3 111 -1.9385126152826 0.79444909887359
8.4 111 -1.9385126152841 0.79178624764571
8.5 111 -1.9385126152856 0.78913377708843
8.6 111 -1.9385126152871 0.78649095209493
8.7 111 -1.9385126152886 0.78385704251246
8.8 111 -1.9385126152901 0.78123132779261
8.9 111 -1.9385126152915 0.77861310150264
9 111 -1.938512615293 0.776001675678
9.1 117 -1.9385126152947 0.77339638630729
9.2 117 -1.9385126152962 0.77079659204218
9.3 117 -1.9385126152977 0.76820168589869
9.4 117 -1.9385126152992 0.76561109348127
9.5 117 -1.9385126153007 0.76302427760177
9.6 117 -1.9385126153022 0.76044074130796
9.7 117 -1.9385126153037 0.75786003063955
9.8 117 -1.9385126153052 0.75528173710089
9.9 117 -1.9385126153067 0.75270549984087
10 117 -1.9385126153082 0.75013100753264
10.1 123 -1.9385126153099 0.74755800117715
10.2 123 -1.9385126153114 0.7449862704419
10.3 123 -1.9385126153129 0.7424156620064
10.4 123 -1.9385126153145 0.7398460752727
10.5 123 -1.938512615316 0.73727746392851
10.6 123 -1.9385126153175 0.73470983597334
10.7 123 -1.938512615319 0.73214325344527
10.8 123 -1.9385126153206 0.729577831856
10.9 123 -1.9385126153221 0.72701373934357
11 123 -1.9385126153236 0.72445119555333
11.1 128 -1.9385126153253 0.72189047118365
11.2 128 -1.9385126153269 0.71933188262992
11.3 128 -1.9385126153284 0.71677579576517
11.4 128 -1.93851261533 0.71422262009114
11.5 128 -1.9385126153315 0.71167280741265
11.6 128 -1.938512615333 0.70912684938467
11.7 128 -1.9385126153345 0.70658527489521
11.8 128 -1.9385126154583 0.7040486500806
11.9 128 -1.9385126155615 0.70151756680851
12 128 -1.9385126156459 0.69899264861144
12.1 136 -1.9385126157139 0.69647454475872
12.2 136 -1.9385126157675 0.6939639261868
12.3 136 -1.9385126158092 0.69146148357422
12.4 136 -1.9385126158415 0.68896792327825
12.5 136 -1.9385126158667 0.68648396425365
12.6 136 -1.9385126158873 0.68401033477736
12.7 136 -1.9385126159056 0.68154776918425
12.8 136 -1.9385126159237 0.67909700462558
12.9 136 -1.9385126159436 0.67665877785912
13 136 -1.9385126159667 0.67423382208525
13.1 142 -1.9385126159945 0.67182286313799
13.2 142 -1.9385126160277 0.66942661933842
13.3 142 -1.9385126160676 0.66704579427178
13.4 142 -1.9385126161151 0.66468107680652
13.5 142 -1.9385126161712 0.66233313763121
13.6 142 -1.9385126162367 0.66000262660884
13.7 142 -1.9385126163122 0.65769017024262
13.8 142 -1.9385126163982 0.65539636925814
13.9 142 -1.9385126164951 0.6531217963067
14 142 -1.938512616603 0.65086699379363
14.1 148 -1.9385126167222 0.64863247009269
14.2 148 -1.9385126167238 0.64641870331284
14.3 148 -1.9385126167253 0.64422613292085
14.4 148 -1.9385126167268 0.64205516124775
14.5 148 -1.9385126167283 0.63990615151118
14.6 148 -1.9385126167298 0.63777942646011
14.7 148 -1.9385126167314 0.6356752671646
14.8 148 -1.9385126167329 0.63359391195346
14.9 148 -1.9385126167344 0.63153555550209
15 148 -1.938512616736 0.62950034807319
15.1 154 -1.9385126167377 0.6274883929145
15.2 154 -1.9385126167392 0.62549975381299
15.3 154 -1.9385126167407 0.62353444280069
15.4 154 -1.9385126167423 0.6215924280448
15.5 154 -1.9385126167438 0.61967363188575
15.6 154 -1.9385126167453 0.61777793104995
15.7 154 -1.9385126167469 0.6159051570327
15.8 154 -1.9385126167484 0.61405509665363
15.9 154 -1.9385126167499 0.61222749278644
16 154 -1.9385126167515 0.61042204526425
16.1 161 -1.9385126167532 0.608638409971
16.2 161 -1.9385126167547 0.60687620815023
16.3 161 -1.9385126167562 0.60513501562961
16.4 161 -1.9385126167577 0.6034143726586
16.5 161 -1.9385126167592 0.60171378361027
16.6 161 -1.9385126167607 0.60003271893159
16.7 161 -1.9385126167622 0.59837061725855
16.8 161 -1.9385126167637 0.59672688769058
16.9 161 -1.93851261691 0.59510091244475
17 161 -1.9385126170444 0.59349204876894
17.1 168 -1.9385126171671 0.59189963026505
17.2 168 -1.9385126172781 0.59032297754128
17.3 168 -1.938512617378 0.58876138925024
17.4 168 -1.9385126174677 0.58721415299179
17.5 168 -1.9385126175481 0.5856805465058
17.6 168 -1.9385126176204 0.58415984088324
17.7 168 -1.9385126176861 0.58265130383359
17.8 168 -1.9385126177467 0.58115420299218
17.9 168 -1.938512617804 0.57966780925015
18 168 -1.9385126178597 0.57819140008883
18.1 175 -1.9385126179161 0.57672426121101
18.2 175 -1.9385126179744 0.57526569666728
18.3 175 -1.9385126180369 0.57381502169692
18.4 175 -1.9385126181052 0.57237157291251
18.5 175 -1.9385126181812 0.57093470959039
18.6 175 -1.9385126182663 0.56950381663238
18.7 175 -1.9385126183618 0.56807830739991
18.8 175 -1.9385126184687 0.56665762640315
18.9 175 -1.938512618588 0.56524125182845
19 175 -1.9385126187201 0.56382869788888
19.1 181 -1.9385126187218 0.56241951132594
19.2 181 -1.9385126187232 0.56101329179255
19.3 181 -1.9385126187247 0.55960967202285
19.4 181 -1.9385126187262 0.55820832985843
19.5 181 -1.9385126187276 0.55680898782302
19.6 181 -1.9385126187291 0.55541141416585
19.7 181 -1.9385126187305 0.5540154236625
19.8 181 -1.938512618732 0.55262087817075
19.9 181 -1.9385126187334 0.55122768694116
20 181 -1.9385126187349 0.54983580668383
20.1 188 -1.9385126187365 0.54844523959381
20.2 188 -1.938512618738 0.54705604008917
20.3 188 -1.9385126187394 0.54566830354785
20.4 188 -1.9385126187409 0.54428217246417
20.5 188 -1.9385126187423 0.54289783365146
20.6 188 -1.9385126187438 0.54151551697692
20.7 188 -1.9385126187452 0.54013549391193
20.8 188 -1.9385126187467 0.538758075911
20.9 188 -1.9385126187482 0.53738361263387
21 188 -1.9385126187496 0.53601249002606
21.1 195 -1.9385126187513 0.53464512618356
21.2 195 -1.9385126187527 0.53328197755597
21.3 195 -1.9385126187542 0.53192352416405
21.4 195 -1.9385126187556 0.53057027562886
21.5 195 -1.9385126187571 0.52922276669469
21.6 195 -1.9385126187585 0.52788155479483
21.7 195 -1.9385126187599 0.52654721758534
21.8 195 -1.9385126187614 0.52522035046068
21.9 195 -1.9385126188893 0.52390156824414
22 195 -1.9385126190041 0.52259148994287
22.1 202 -1.9385126191063 0.52129074650829
22.2 202 -1.9385126191962 0.51999998497554
22.3 202 -1.9385126192748 0.51871984964673
22.4 202 -1.9385126193429 0.51745099064606
22.5 202 -1.9385126194015 0.51619405888322
22.6 202 -1.9385126194516 0.51494970379138
22.7 202 -1.9385126194943 0.5137185711205
22.8 202 -1.9385126195305 0.51250130078795
22.9 202 -1.9385126195613 0.51129852478746
23 202 -1.9385126195876 0.51011086515645
23.1 209 -1.9385126196104 0.50893892852221
23.2 209 -1.9385126196302 0.50778331805501
23.3 209 -1.9385126196478 0.50664461085882
23.4 209 -1.938512619664 0.5055233699358
23.5 209 -1.9385126196792 0.50442013898823
23.6 209 -1.9385126196939 0.50333544069409
23.7 209 -1.9385126197086 0.50226977502401
23.8 209 -1.9385126197238 0.50122361759635
23.9 209 -1.9385126197396 0.50019741806781
24 209 -1.9385126197564 0.49919159855747
24.1 217 -1.9385126197747 0.49820654799099
24.2 217 -1.9385126197941 0.49724263702206
24.3 217 -1.9385126198152 0.49630019192896
24.4 217 -1.938512619838 0.49537950956487
24.5 217 -1.9385126198626 0.49448085185483
24.6 217 -1.9385126198891 0.49360444442499
24.7 217 -1.9385126199175 0.4927504752764
24.8 217 -1.9385126199479 0.4919190935092
24.9 217 -1.9385126199802 0.49111040810446
25 217 -1.9385126200146 0.49032448677179
25.1 225 -1.9385126200512 0.48956135104957
25.2 225 -1.9385126200894 0.48882099064501
25.3 225 -1.9385126201296 0.48810333947934
25.4 225 -1.9385126201716 0.4874082903156
25.5 225 -1.9385126202154 0.48673569022618
25.6 225 -1.938512620261 0.48608534005917
25.7 225 -1.938512620308 0.48545699404986
25.8 225 -1.9385126203565 0.48485035959029
25.9 225 -1.9385126204064 0.48426509716934
26 225 -1.9385126204574 0.48370082049523
26.1 232 -1.9385126205097 0.483157093296
26.2 232 -1.9385126205626 0.48263344394453
26.3 232 -1.9385126206162 0.48212934497214
26.4 232 -1.9385126206705 0.48164422821123
26.5 232 -1.9385126207253 0.48117748241962
26.6 232 -1.9385126207804 0.48072845469441
26.7 232 -1.9385126208358 0.48029645212061
26.8 232 -1.9385126208914 0.47988074365533
26.9 232 -1.938512620947 0.4794805622461
27 232 -1.9385126210026 0.47909510717977
27.1 241 -1.9385126210582 0.47872354376226
27.2 241 -1.9385126211133 0.47836501772736
27.3 241 -1.938512621168 0.47801864074282
27.4 241 -1.938512621222 0.47768350530037
27.5 241 -1.9385126212753 0.47735868514743
27.6 241 -1.9385126213275 0.47704323881589
27.7 241 -1.9385126213786 0.4767362132927
27.8 241 -1.9385126214282 0.47643664781108
27.9 241 -1.9385126214762 0.47614357773985
28 241 -1.9385126215223 0.47585603854676
28.1 251 -1.9385126215667 0.4755730669554
28.2 251 -1.9385126216087 0.47529371644052
28.3 251 -1.9385126216483 0.47501704400249
28.4 251 -1.9385126216856 0.47474212570986
28.5 251 -1.9385126217203 0.4744680577378
28.6 251 -1.9385126217525 0.47419396021707
28.7 251 -1.9385126217822 0.473918980968
28.8 251 -1.9385126218095 0.473642299093
28.9 251 -1.9385126218344 0.47336312840236
29 251 -1.938512621857 0.47308072064917
29.1 259 -1.9385126218777 0.4727943657345
29.2 259 -1.9385126218962 0.47250340583603
29.3 259 -1.9385126219129 0.47220722081952
29.4 259 -1.938512621928 0.47190524199019
29.5 259 -1.9385126219418 0.47159695118538
29.6 259 -1.9385126219545 0.47128188246124
29.7 259 -1.9385126219661 0.470959623476
29.8 259 -1.938512621977 0.47062981656365
29.9 259 -1.9385126219873 0.47029215949496
30 259 -1.9385126219971 0.46994640592549
30.1 268 -1.9385126220069 0.46959236309909
30.2 268 -1.9385126220161 0.46922990147725
30.3 268 -1.9385126220253 0.46885893948575
30.4 268 -1.9385126220345 0.46847945268011
30.5 268 -1.9385126220438 0.46809147022489
30.6 268 -1.9385126220532 0.46769507360744
30.7 268 -1.9385126220629 0.46729039511044
30.8 268 -1.9385126220731 0.46687761606265
30.9 268 -1.9385126220837 0.46645696488783
31 268 -1.9385126220951 0.46602871497389
31.1 277 -1.9385126221074 0.46559318043859
31.2 277 -1.9385126221205 0.46515072154369
31.3 277 -1.9385126221345 0.46470173032147
31.4 277 -1.9385126221494 0.46424663591004
31.5 277 -1.9385126221651 0.46378589986811
31.6 277 -1.9385126221812 0.46332001345598
31.7 277 -1.9385126221973 0.46284949490016
31.8 277 -1.938512622213 0.46237488666212
31.9 277 -1.9385126222277 0.46189675273001
32 277 -1.9385126222412 0.46141567595076
32.1 286 -1.9385126222538 0.46093225354415
32.2 286 -1.938512622265 0.460447102113
32.3 286 -1.9385126222755 0.45996084380901
32.4 286 -1.9385126222856 0.45947411163011
32.5 286 -1.938512622296 0.45898754526067
32.6 286 -1.9385126223071 0.45850178895469
32.7 286 -1.9385126223193 0.45801748954051
32.8 286 -1.938512622333 0.45753529454982
32.9 286 -1.9385126223483 0.45705585047134
33 286 -1.9385126223655 0.45657980112782
33.1 295 -1.9385126223849 0.45610778398101
33.2 295 -1.938512622406 0.45564043753399
33.3 295 -1.9385126224289 0.45517838682957
33.4 295 -1.9385126224535 0.4547222511122
33.5 295 -1.9385126224797 0.45427264052149
33.6 295 -1.9385126225074 0.45383015508534
33.7 295 -1.9385126225363 0.45339538378308
33.8 295 -1.9385126225664 0.45296890366771
33.9 295 -1.9385126225973 0.45255127903604
34 295 -1.9385126226291 0.45214306063535
34.1 304 -1.9385126226616 0.45174478246977
34.2 304 -1.9385126226943 0.45135697078209
34.3 304 -1.9385126227272 0.4509801286484
34.4 304 -1.93851262276 0.45061474503127
34.5 304 -1.9385126227925 0.45026129154557
34.6 304 -1.9385126228245 0.44992022166853
34.7 304 -1.9385126228558 0.44959196992315
34.8 304 -1.9385126228863 0.44927695103165
34.9 304 -1.938512622916 0.44897555903644
35 304 -1.9385126229986 0.44868816998637
35.1 315 -1.938512623079 0.44841512769442
35.2 315 -1.9385126232089 0.44815676695634
35.3 315 -1.9385126233357 0.44791338361129
35.4 315 -1.93851262346 0.44768525400386
35.5 315 -1.9385126235827 0.44747262789142
35.6 315 -1.9385126237044 0.44727572739877
35.7 315 -1.9385126238261 0.44709474597719
35.8 315 -1.9385126239482 0.44692984737951
35.9 315 -1.9385126240716 0.44678116466342
36 315 -1.9385126241968 0.44664879923566
36.1 325 -1.9385126242838 0.44653281460175
36.2 325 -1.9385126244148 0.44643325697065
36.3 325 -1.9385126245495 0.44635012227881
36.4 325 -1.9385126246887 0.44628337706367
36.5 325 -1.9385126248329 0.44623295251941
36.6 325 -1.9385126249827 0.44619874407151
36.7 325 -1.9385126251388 0.44618061108468
36.8 325 -1.9385126253015 0.44617837671582
36.9 325 -1.9385126254714 0.44619182792238
37 325 -1.9385126256488 0.44622071563492
37.1 334 -1.9385126258001 0.44626475014054
37.2 334 -1.9385126259937 0.44632362147602
37.3 334 -1.9385126260603 0.44639696948619
37.4 334 -1.9385126261255 0.44648440692445
37.5 334 -1.9385126261893 0.44658551334956
37.6 334 -1.9385126262518 0.44669983708169
37.7 334 -1.9385126263129 0.44682689663838
37.8 334 -1.9385126263728 0.4469661823451
37.9 334 -1.9385126264315 0.4471171581132
38 334 -1.9385126264891 0.44727926337648
38.1 342 -1.9385126265721 0.44745191367612
38.2 342 -1.9385126266278 0.44763450892509
38.3 342 -1.9385126266826 0.44782642661143
38.4 342 -1.9385126267367 0.44802703039071
38.5 342 -1.9385126267901 0.44823567107621
38.6 342 -1.9385126268431 0.44845168925292
38.7 342 -1.9385126268956 0.44867441794717
38.8 342 -1.9385126269479 0.44890318533376
38.9 342 -1.938512627 0.44913731746162
39 342 -1.938512627052 0.44937614097919
39.1 351 -1.938512627079 0.44961898099113
39.2 351 -1.9385126271311 0.44986518318001
39.3 351 -1.9385126271834 0.45011408715247
39.4 351 -1.9385126272361 0.45036504855089
39.5 351 -1.9385126272891 0.45061743659075
39.6 351 -1.9385126273425 0.45087063640486
39.7 351 -1.9385126273965 0.45112405126658
39.8 351 -1.9385126274511 0.45137710467938
39.9 351 -1.9385126275063 0.45162924232107
40 351 -1.9385126275622 0.45187993383237
40.1 361 -1.9385126275916 0.45212866962707
40.2 361 -1.9385126276489 0.45237498163824
40.3 361 -1.938512627707 0.45261841559618
40.4 361 -1.9385126277658 0.4528585514936
40.5 361 -1.9385126279645 0.45309500206944
40.6 361 -1.9385126281607 0.4533274059462
40.7 361 -1.9385126283557 0.45355543608152
40.8 361 -1.9385126285506 0.45377879739905
40.9 361 -1.9385126287467 0.45399722697716
41 361 -1.9385126289452 0.45421049406632
41.1 371 -1.9385126291169 0.45441839521388
41.2 371 -1.9385126293236 0.45462077289901
41.3 371 -1.938512629536 0.4548174866189
41.4 371 -1.9385126295988 0.45500843038433
41.5 371 -1.9385126296614 0.4551935301266
41.6 371 -1.9385126297237 0.45537273978721
41.7 371 -1.9385126297855 0.45554604144803
41.8 371 -1.9385126298467 0.45571344427557
41.9 371 -1.9385126299072 0.45587498337636
42 371 -1.9385126299668 0.4560307185744
42.1 381 -1.9385126300489 0.45618073073721
42.2 381 -1.9385126301064 0.45632513001412
42.3 381 -1.9385126301626 0.45646403998302
42.4 381 -1.9385126302174 0.4565976059146
42.5 381 -1.9385126302708 0.45672599086946
42.6 381 -1.9385126303226 0.45684937421636
42.7 381 -1.9385126303727 0.4569679501373
42.8 381 -1.9385126304211 0.45708192612694
42.9 381 -1.9385126304678 0.45719152149311
43 381 -1.9385126305126 0.45729696586447
43.1 393 -1.9385126305819 0.45739849534912
43.2 393 -1.9385126306229 0.45749636053705
43.3 393 -1.9385126306619 0.45759081082971
43.4 393 -1.938512630699 0.45768210253529
43.5 393 -1.9385126307342 0.45777049509712
43.6 393 -1.9385126307674 0.45785624973895
43.7 393 -1.9385126308482 0.457939629563
43.8 393 -1.9385126309741 0.4580208953126
43.9 393 -1.9385126310935 0.45810030427643
44 393 -1.9385126312063 0.45817811197054
44.1 405 -1.9385126313103 0.45825456622357
44.2 405 -1.9385126314102 0.45832991909224
44.3 405 -1.9385126315037 0.45840440622225
44.4 405 -1.9385126315909 0.45847825889234
44.5 405 -1.9385126316719 0.45855169977518
44.6 405 -1.9385126317468 0.45862494202368
44.7 405 -1.9385126318159 0.45869818841372
44.8 405 -1.9385126318793 0.45877163054613
44.9 405 -1.9385126319375 0.45884544811111
45 405 -1.9385126319907 0.45891980821789
45.1 417 -1.938512632015 0.45899486178993
45.2 417 -1.9385126320598 0.45907075507356
45.3 417 -1.9385126321011 0.45914761108539
45.4 417 -1.9385126321397 0.45922554132753
45.5 417 -1.9385126321761 0.45930464246139
45.6 417 -1.9385126322111 0.45938499609546
45.7 417 -1.9385126322453 0.45946666865904
45.8 417 -1.9385126322796 0.45954971136367
45.9 417 -1.9385126323145 0.45963416025396
46 417 -1.9385126323508 0.45972003634884
46.1 429 -1.9385126323716 0.45980734334231
46.2 429 -1.9385126324124 0.45989607806021
46.3 429 -1.9385126324563 0.45998621567772
46.4 429 -1.9385126325036 0.46007772036264
46.5 429 -1.9385126325547 0.46017054334007
46.6 429 -1.9385126326099 0.46026462357589
46.7 429 -1.9385126326696 0.46035988854153
46.8 429 -1.9385126327338 0.46045625505445
46.9 429 -1.9385126328028 0.46055363018849
47 429 -1.9385126328769 0.46065191224724
47.1 440 -1.9385126329188 0.46075098880584
47.2 440 -1.9385126331517 0.46085075164869
47.3 440 -1.9385126333809 0.46095107433203
47.4 440 -1.9385126336082 0.4610518308287
47.5 440 -1.9385126338356 0.46115289187538
47.6 440 -1.9385126340655 0.46125412614698
47.7 440 -1.9385126343002 0.46135540142981
47.8 440 -1.9385126344919 0.46145658512889
47.9 440 -1.9385126346404 0.46155754667963
48 440 -1.938512634796 0.46165815869328
48.1 452 -1.9385126349488 0.46175829434486
48.2 452 -1.9385126349777 0.46185783514038
48.3 452 -1.9385126350083 0.46195666752436
48.4 452 -1.9385126350407 0.46205468359645
48.5 452 -1.9385126350749 0.46215178265865
48.6 452 -1.9385126351108 0.46224787192186
48.7 452 -1.9385126351486 0.46234286711983
48.8 452 -1.9385126351882 0.46243669302563
48.9 452 -1.9385126352296 0.46252928386744
49 452 -1.9385126352728 0.46262058364112
49.1 465 -1.9385126352967 0.46271054400946
49.2 465 -1.9385126353433 0.46279913365979
49.3 465 -1.9385126353916 0.46288632440138
49.4 465 -1.9385126354415 0.46297210036236
49.5 465 -1.9385126354929 0.46305645547055
49.6 465 -1.9385126355458 0.46313939317652
49.7 465 -1.9385126356 0.46322092609525
49.8 465 -1.9385126356556 0.463301075575
49.9 465 -1.9385126357124 0.46337987120239
50 465 -1.9385126357703 0.46345735025405
50.1 477 -1.9385126358011 0.46353355525364
50.2 477 -1.9385126358609 0.46360854076659
50.3 477 -1.9385126359216 0.46368236161758
50.4 477 -1.938512635983 0.46375507967891
50.5 477 -1.9385126360451 0.46382676136367
50.6 477 -1.9385126361078 0.46389747699775
50.7 477 -1.9385126361709 0.46396730021994
50.8 477 -1.9385126362344 0.46403630742111
50.9 477 -1.9385126362982 0.46410457723293
51 477 -1.9385126363621 0.46417219007525
51.1 490 -1.9385126363952 0.46423922655113
51.2 490 -1.9385126364594 0.46430577203864
51.3 490 -1.9385126365235 0.46437190906685
51.4 490 -1.9385126365874 0.46443772212368
51.5 490 -1.9385126366512 0.46450329635003
51.6 490 -1.9385126367146 0.46456871756798
51.7 490 -1.9385126367776 0.46463407239633
51.8 490 -1.9385126368401 0.46469944845141
51.9 490 -1.938512636902 0.46476493462918
52 490 -1.9385126369632 0.46483062146307
52.1 503 -1.9385126369941 0.46489660097619
52.2 503 -1.9385126370535 0.46496296948696
52.3 503 -1.9385126372459 0.46502982764016
52.4 503 -1.9385126374266 0.46509727425057
52.5 503 -1.9385126375964 0.46516541547581
52.6 503 -1.9385126377562 0.46523436234787
52.7 503 -1.9385126379066 0.46530423138398
52.8 503 -1.9385126380487 0.46537514518087
52.9 503 -1.938512638183 0.46544723297744
53 503 -1.9385126383105 0.46552063117055
53.1 511 -1.9385126384102 0.4655954837717
53.2 511 -1.9385126385259 0.46567194277961
53.3 511 -1.9385126386368 0.46575016846153
53.4 511 -1.9385126387434 0.46583032954934
53.5 511 -1.9385126388463 0.46591260329984
53.6 511 -1.9385126389462 0.46599717543461
53.7 511 -1.9385126390435 0.46608423994352
53.8 511 -1.9385126391389 0.46617399874433
53.9 511 -1.9385126392329 0.46626666119254
54 511 -1.938512639326 0.46636244343745
54.1 512 -1.9385126394088 0.46646156811367
54.2 512 -1.938512639502 0.46656426145382
54.3 512 -1.9385126395959 0.46667075503246
54.4 512 -1.9385126396912 0.46678128264361
54.5 512 -1.9385126397882 0.46689607936324
54.6 512 -1.9385126398875 0.46701538002195
54.7 512 -1.9385126399893 0.4671394175571
54.8 512 -1.9385126400937 0.46726842125767
54.9 512 -1.9385126402009 0.46740261491642
55 512 -1.9385126403107 0.46754221490604
55.1 512 -1.9385126404055 0.46768742868981
55.2 512 -1.9385126405197 0.46783845083667
55.3 512 -1.9385126406355 0.46799546392561
55.4 512 -1.9385126407522 0.46815863455893
55.5 512 -1.938512640869 0.46832811184508
55.6 512 -1.9385126409854 0.46850402544413
55.7 512 -1.9385126411006 0.46868648368565
55.8 512 -1.9385126412139 0.46887557178107
55.9 512 -1.9385126413247 0.4690713501523
56 512 -1.9385126414325 0.46927385289742
56.1 512 -1.9385126415064 0.46948308645675
56.2 512 -1.9385126416073 0.46969902825187
56.3 512 -1.9385126417044 0.46992162588736
56.4 512 -1.9385126417977 0.47015079622208
56.5 512 -1.9385126418876 0.47038642481132
56.6 512 -1.9385126420792 0.47062836246321
56.7 512 -1.9385126422511 0.47087643483595
56.8 512 -1.9385126424069 0.47113043240813
56.9 512 -1.9385126425509 0.47139011438192
57 512 -1.9385126426873 0.47165520930956
57.1 512 -1.9385126428226 0.47192541488635
57.2 512 -1.9385126429573 0.47220040339099
57.3 512 -1.9385126430974 0.47247981651331
57.4 512 -1.9385126432467 0.47276327127356
57.5 512 -1.9385126434082 0.47305036070335
57.6 512 -1.9385126435842 0.47334065581578
57.7 512 -1.9385126437764 0.47363370775849
57.8 512 -1.9385126438724 0.47392904929984
57.9 512 -1.9385126439687 0.47422619984059
58 512 -1.9385126440649 0.4745246654734
58.1 512 -1.9385126441558 0.47482394082618
58.2 512 -1.9385126442515 0.4751235183858
58.3 512 -1.938512644347 0.47542288141374
58.4 512 -1.9385126444422 0.47572151335426
58.5 512 -1.938512644537 0.47601889899489
58.6 512 -1.9385126446316 0.4763145272516
58.7 512 -1.9385126447257 0.47660789390309
58.8 512 -1.9385126448195 0.47689850425106
58.9 512 -1.938512644913 0.4771858756842
59 512 -1.9385126450061 0.47746954012512
59.1 512 -1.9385126451042 0.47774904442607
59.2 512 -1.9385126451973 0.47802396018356
59.3 512 -1.9385126452906 0.47829387423662
59.4 512 -1.9385126453845 0.47855839813253
59.5 512 -1.9385126454794 0.47881716781968
59.6 512 -1.9385126455756 0.47906984505416
59.7 512 -1.9385126456736 0.47931611859659
59.8 512 -1.9385126457739 0.47955570519519
59.9 512 -1.9385126458768 0.47978835035343
60 512 -1.9385126459829 0.48001382888286
60.1 512 -1.9385126460988 0.4802319429705
60.2 512 -1.938512646212 0.48044253141777
60.3 512 -1.9385126463293 0.48064545590178
60.4 512 -1.9385126464509 0.48084060984787
60.5 512 -1.9385126465767 0.48102791570893
60.6 512 -1.9385126467069 0.48120732436332
60.7 512 -1.9385126468415 0.48137881435931
60.8 512 -1.9385126469803 0.48154239102114
60.9 512 -1.9385126471231 0.48169808543195
61 512 -1.9385126472699 0.48184595331027
61.1 512 -1.9385126474111 0.48198607123233
61.2 512 -1.938512647565 0.4821185456116
61.3 512 -1.9385126477222 0.48224349594149
61.4 512 -1.9385126478824 0.48236106369847
61.5 512 -1.9385126480454 0.48247140836094
61.6 512 -1.9385126482109 0.48257470599368
61.7 512 -1.9385126483788 0.48267114783775
61.8 512 -1.9385126485489 0.48276093891923
61.9 512 -1.9385126487209 0.48284429668864
62 512 -1.9385126488946 0.48292144970122
62.1 512 -1.9385126490482 0.48299263372078
62.2 512 -1.9385126492245 0.4830581010084
62.3 512 -1.9385126494017 0.48311810342786
62.4 512 -1.9385126495794 0.48317290185517
62.5 512 -1.9385126497571 0.48322276254406
62.6 512 -1.9385126499345 0.48326795618386
62.7 512 -1.9385126501112 0.48330875702753
62.8 512 -1.9385126502866 0.48334544208807
62.9 512 -1.9385126504603 0.48337829039997
63 512 -1.9385126506319 0.48340758234143
63.1 512 -1.9385126507981 0.48343359651367
63.2 512 -1.9385126509642 0.4834566191653
63.3 512 -1.9385126511269 0.48347692865611
63.4 512 -1.9385126512859 0.48349480496967
63.5 512 -1.938512651441 0.48351052673879
63.6 512 -1.9385126515919 0.48352437079393
63.7 512 -1.9385126517382 0.48353661172199
63.8 512 -1.9385126518797 0.48354752142797
63.9 512 -1.9385126520706 0.4835573704757
64 512 -1.9385126523085 0.48356642397133
64.1 512 -1.9385126524987 0.4835749370519
64.2 512 -1.9385126527166 0.48358317469877
64.3 512 -1.9385126529242 0.48359138424831
64.4 512 -1.9385126531214 0.48359981161747
64.5 512 -1.9385126533081 0.48360869652413
64.6 512 -1.9385126534844 0.48361827187332
64.7 512 -1.9385126536505 0.48362876311207
64.8 512 -1.9385126538067 0.48364038755447
64.9 512 -1.9385126539537 0.48365335367966
65 512 -1.9385126540921 0.48366786040643
65.1 512 -1.9385126542111 0.48368409279516
65.2 512 -1.9385126543346 0.48370223552726
65.3 512 -1.938512654452 0.48372245076036
65.4 512 -1.9385126545642 0.48374489164517
65.5 512 -1.9385126546721 0.48376969800541
65.6 512 -1.9385126547763 0.48379699561366
65.7 512 -1.9385126548778 0.48382689549931
65.8 512 -1.9385126549772 0.48385949329922
65.9 512 -1.9385126550751 0.48389486866131
66 512 -1.9385126551721 0.4839330847114
66.1 512 -1.938512655261 0.48397418475115
66.2 512 -1.9385126553577 0.48401820325189
66.3 512 -1.9385126554548 0.48406514850468
66.4 512 -1.9385126555529 0.48411501380902
66.5 512 -1.9385126556523 0.48416777454216
66.6 512 -1.9385126557534 0.48422338818245
66.7 512 -1.9385126558566 0.48428179444569
66.8 512 -1.9385126559623 0.48434291553833
66.9 512 -1.9385126560706 0.48440665653041
67 512 -1.9385126561819 0.48447290585008
67.1 512 -1.93851265629 0.48454153314648
67.2 512 -1.9385126564077 0.48461240102961
67.3 512 -1.9385126565287 0.48468534943426
67.4 512 -1.9385126566532 0.48476020756479
67.5 512 -1.9385126567812 0.48483679221793
67.6 512 -1.9385126569127 0.48491490894415
67.7 512 -1.9385126570479 0.4849943532945
67.8 512 -1.9385126571868 0.48507491214288
67.9 512 -1.9385126573296 0.48515636507258
68 512 -1.9385126574762 0.48523848581516
68.1 512 -1.9385126576064 0.48532103993207
68.2 512 -1.9385126577612 0.48540380152116
68.3 512 -1.9385126579203 0.48548653191613
68.4 512 -1.938512658025 0.48556899468572
68.5 512 -1.9385126580749 0.48565095681153
68.6 512 -1.9385126581281 0.4857321901602
68.7 512 -1.9385126581848 0.48581246946291
68.8 512 -1.938512658245 0.48589157542492
68.9 512 -1.9385126583088 0.48596929604578
69 512 -1.9385126583761 0.48604542786418
69.1 512 -1.9385126584767 0.48611977429853
69.2 512 -1.938512658551 0.48619215798522
69.3 512 -1.9385126586287 0.48626240483897
69.4 512 -1.9385126587095 0.48633035617327
69.5 512 -1.9385126587935 0.48639586662788
69.6 512 -1.9385126588804 0.48645880479427
69.7 512 -1.93851265897 0.48651905372197
69.8 512 -1.9385126590623 0.4865765113049
69.9 512 -1.938512659157 0.48663109054806
70 512 -1.9385126592539 0.48668271971658
70.1 512 -1.938512659369 0.48673133907468
70.2 512 -1.9385126594701 0.48677691399992
70.3 512 -1.9385126595732 0.48681941500634
70.4 512 -1.9385126596783 0.48685883067226
70.5 512 -1.9385126597852 0.48689516396756
70.6 512 -1.9385126598941 0.48692843180242
70.7 512 -1.9385126600051 0.48695866450245
70.8 512 -1.9385126601183 0.48698590521966
70.9 512 -1.9385126602338 0.48701020928891
71 512 -1.9385126603518 0.48703164353979
71.1 512 -1.9385126604784 0.48705028215148
71.2 512 -1.9385126606022 0.48706621961287
71.3 512 -1.9385126607293 0.48707954936983
71.4 512 -1.9385126608601 0.48709037680486
71.5 512 -1.9385126609951 0.48709881502865
71.6 512 -1.9385126611347 0.48710498412541
71.7 512 -1.9385126612796 0.48710901041565
71.8 512 -1.9385126614303 0.48711102574267
71.9 512 -1.9385126615874 0.48711116678804
72 512 -1.9385126617516 0.48710957442028
72.1 512 -1.9385126618808 0.48710639045325
72.2 512 -1.9385126620605 0.48710176758747
72.3 512 -1.9385126622485 0.48709585309063
72.4 512 -1.9385126624449 0.48708879883807
72.5 512 -1.9385126625248 0.48708075743438
72.6 512 -1.9385126626025 0.48707188402143
72.7 512 -1.9385126626779 0.48706233386017
72.8 512 -1.9385126627511 0.48705226262842
72.9 512 -1.9385126628218 0.48704182612193
73 512 -1.9385126628901 0.4870311799847
73.1 512 -1.9385126629238 0.4870204770346
73.2 512 -1.938512662987 0.48700987675817
73.3 512 -1.9385126630478 0.4869995305198
73.4 512 -1.938512663106 0.486989591086
73.5 512 -1.9385126631616 0.48698021000124
73.6 512 -1.9385126632148 0.4869715373956
73.7 512 -1.9385126632655 0.48696372178865
73.8 512 -1.9385126633138 0.4869569098855
73.9 512 -1.9385126633597 0.48695124636107
74 512 -1.9385126634033 0.48694687362951
74.1 512 -1.938512663472 0.48694392885746
74.2 512 -1.9385126635112 0.48694255464493
74.3 512 -1.9385126635484 0.48694288232048
74.4 512 -1.9385126635836 0.48694504257082
74.5 512 -1.9385126636169 0.48694916237447
74.6 512 -1.9385126636483 0.48695536464911
74.7 512 -1.9385126636781 0.48696376787967
74.8 512 -1.9385126637063 0.48697448572936
74.9 512 -1.938512663733 0.48698762663646
75 512 -1.9385126637583 0.48700329340027
75.1 512 -1.9385126638206 0.48702158036352
75.2 512 -1.9385126639777 0.48704258645556
75.3 512 -1.9385126641234 0.48706638864539
75.4 512 -1.9385126642577 0.48709306294617
75.5 512 -1.9385126643809 0.48712267765123
75.6 512 -1.9385126644936 0.48715529294944
75.7 512 -1.9385126645966 0.48719096056279
75.8 512 -1.9385126646909 0.48722972341111
75.9 512 -1.9385126647778 0.48727161530866
76 512 -1.9385126648589 0.48731666069682
76.1 512 -1.9385126649747 0.48736487225057
76.2 512 -1.9385126650494 0.48741625935754
76.3 512 -1.9385126651238 0.4874708149904
76.4 512 -1.9385126652001 0.48752852427527
76.5 512 -1.9385126652804 0.48758936228936
76.6 512 -1.9385126653669 0.48765329407296
76.7 512 -1.9385126654616 0.48772027469237
76.8 512 -1.9385126655666 0.48779024935307
76.9 512 -1.9385126656837 0.48786315356178
77 512 -1.9385126658148 0.48793891333533
77.1 512 -1.9385126659887 0.48801744347977
77.2 512 -1.9385126659994 0.48809865305647
77.3 512 -1.93851266601 0.48818244197326
77.4 512 -1.9385126660206 0.48826870120011
77.5 512 -1.9385126660312 0.4883573138521
77.6 512 -1.9385126660418 0.48844815560391
77.7 512 -1.9385126660524 0.48854109512238
77.8 512 -1.9385126660633 0.48863599451198
77.9 512 -1.9385126660743 0.48873270976818
78 512 -1.9385126660856 0.48883109123355
78.1 512 -1.9385126661317 0.48893098209177
78.2 512 -1.9385126661437 0.48903222666222
78.3 512 -1.938512666156 0.48913465906151
78.4 512 -1.9385126661688 0.48923811148406
78.5 512 -1.9385126661821 0.4893424126461
78.6 512 -1.938512666196 0.48944738817655
78.7 512 -1.9385126662104 0.4895528609886
78.8 512 -1.9385126662255 0.48965865163145
78.9 512 -1.9385126662412 0.48976457862269
79 512 -1.9385126662575 0.4898704587622
79.1 512 -1.9385126663127 0.48997610555467
79.2 512 -1.9385126663304 0.49008133699935
79.3 512 -1.9385126663488 0.49018596459573
79.4 512 -1.9385126663678 0.49028980112592
79.5 512 -1.9385126663875 0.49039265904039
79.6 512 -1.9385126664079 0.49049435072589
79.7 512 -1.9385126664288 0.49059468878214
79.8 512 -1.9385126664503 0.49069348631295
79.9 512 -1.9385126664724 0.49079055723768
80 512 -1.9385126664949 0.49088571662873
80.1 512 -1.9385126665475 0.49097877940573
80.2 512 -1.9385126665707 0.49106956745451
80.3 512 -1.9385126665942 0.49115789999101
80.4 512 -1.9385126666177 0.49124360079212
80.5 512 -1.9385126666414 0.49132649705571
80.6 512 -1.9385126666649 0.49140642000091
80.7 512 -1.9385126666883 0.49148320552405
80.8 512 -1.9385126667114 0.49155669491116
80.9 512 -1.9385126667341 0.49162673560707
81 512 -1.9385126667562 0.49169318203949
81.1 512 -1.9385126668153 0.49175589512388
81.2 512 -1.9385126668361 0.491814748678
