0 33 -63.313315828814 0.99993385640995
0.1 39 -63.313320438912 0.99986597994362
0.2 42 -63.3133204389 0.99966247679475
0.3 43 -63.313320438892 0.99932372596214
0.4 43 -63.313320438888 0.99885035801863
0.5 44 -63.31332043889 0.99824325129933
0.6 44 -63.313320438892 0.99750352625302
0.7 44 -63.313320438892 0.99663253854809
0.8 44 -63.313320438889 0.99563187077531
0.9 45 -63.313320438886 0.99450332301882
1 45 -63.313320438884 0.99324890231578
1.1 45 -63.313320438884 0.99187081102406
1.2 45 -63.313320438883 0.99037143427119
1.3 45 -63.313320438883 0.98875332665097
1.4 46 -63.313320438881 0.98701919808706
1.5 47 -63.313320438883 0.98517189950147
1.6 47 -63.313320438884 0.98321440750616
1.7 47 -63.313320438886 0.98114980964644
1.8 47 -63.313320438892 0.97898128866243
1.9 47 -63.313320438896 0.97671210752335
2 47 -63.313320438912 0.97434559405262
2.1 48 -63.313320438967 0.9718851261363
2.2 48 -63.313320439001 0.96933411715456
2.3 48 -63.313320439019 0.96669600195901
2.4 48 -63.313320439001 0.96397422334867
2.5 48 -63.313320439014 0.96117221923719
2.6 48 -63.31332043903 0.95829341040403
2.7 48 -63.313320439049 0.95534118917365
2.8 48 -63.313320439069 0.95231890866888
2.9 48 -63.313320439089 0.94922987302903
3 49 -63.313320439106 0.94607732837307
3.1 49 -63.313320439125 0.94286445460451
3.2 49 -63.313320439145 0.93959435816608
3.3 49 -63.313320439167 0.9362700655177
3.4 49 -63.313320439188 0.93289451738651
3.5 49 -63.313320439211 0.92947056410079
3.6 50 -63.313320439236 0.92600096132379
3.7 50 -63.313320439259 0.92248836677931
3.8 50 -63.313320439285 0.91893533753076
3.9 50 -63.313320439313 0.9153443281023
4 50 -63.313320439344 0.91171768908166
4.1 50 -63.313320439378 0.90805766641338
4.2 51 -63.313320439414 0.90436640127911
4.3 51 -63.313320439449 0.90064593029334
4.4 51 -63.313320439483 0.89689818644835
4.5 51 -63.313320439519 0.89312500027174
4.6 52 -63.313320439556 0.88932810177194
4.7 52 -63.313320439591 0.88550912228557
4.8 52 -63.313320439628 0.88166959701776
4.9 52 -63.313320439664 0.87781096777582
5 53 -63.31332043967 0.87393458637822
5.1 53 -63.31332043971 0.87004171743683
5.2 53 -63.313320439751 0.86613354201121
5.3 54 -63.313320439792 0.86221116162766
5.4 54 -63.313320439833 0.85827560232092
5.5 54 -63.313320439876 0.85432781849725
5.6 55 -63.313320439918 0.85036869755686
5.7 55 -63.313320439962 0.84639906398599
5.8 55 -63.313320440008 0.84241968398589
5.9 55 -63.313320440057 0.83843127002342
6 56 -63.313320440106 0.83443448555032
6.1 56 -63.313320440156 0.83042994950979
6.2 56 -63.313320440209 0.826418240443
6.3 56 -63.313320440258 0.82239990205691
6.4 56 -63.313320440308 0.81837544628456
6.5 56 -63.31332044036 0.81434535891962
6.6 57 -63.313320440411 0.81031010472506
6.7 57 -63.313320440462 0.8062701298321
6.8 57 -63.313320440513 0.80222586602841
6.9 57 -63.313320440566 0.79817773475244
7 57 -63.31332044062 0.79412615071534
7.1 57 -63.313320440677 0.79007152520753
7.2 57 -63.313320440734 0.78601426923729
7.3 57 -63.313320440791 0.78195479628856
7.4 58 -63.313320440848 0.77789352489712
7.5 58 -63.313320440906 0.77383088083439
7.6 58 -63.313320440879 0.76976729905146
7.7 58 -63.313320440939 0.76570322532015
7.8 58 -63.313320440999 0.7616391175425
7.9 58 -63.313320441061 0.75757544686159
8 59 -63.313320441127 0.75351269837132
8.1 59 -63.313320441193 0.74945137160555
8.2 59 -63.313320441261 0.74539198069514
8.3 59 -63.31332044133 0.74133505435762
8.4 59 -63.313320441399 0.73728113553162
8.5 59 -63.313320441471 0.73323078083984
8.6 59 -63.313320441541 0.7291845598191
8.7 59 -63.313320441615 0.72514305397172
8.8 59 -63.313320441689 0.72110685562337
8.9 59 -63.313320441762 0.71707656665578
9 60 -63.313320441836 0.71305279710174
9.1 60 -63.313320441912 0.70903616360801
9.2 60 -63.313320441992 0.70502728787844
9.3 60 -63.313320442068 0.70102679499172
9.4 60 -63.313320442147 0.69703531169909
9.5 60 -63.313320442224 0.693053464638
9.6 60 -63.313320442306 0.68908187883805
9.7 60 -63.313320442389 0.68512117577728
9.8 60 -63.313320442474 0.68117197174235
9.9 60 -63.313320442558 0.67723487630447
10 60 -63.31332044264 0.67331049072102
10.1 60 -63.313320442724 0.66939940645431
10.2 60 -63.313320442808 0.66550220378023
10.3 60 -63.31332044289 0.66161945052888
10.4 60 -63.313320442978 0.65775170105625
10.5 61 -63.313320443069 0.6538994948288
10.6 61 -63.313320443162 0.65006335544254
10.7 61 -63.313320443252 0.64624379000764
10.8 61 -63.313320443344 0.64244128850788
10.9 61 -63.31332044344 0.63865632309389
11 61 -63.313320443536 0.63488934743663
11.1 61 -63.313320443633 0.63114079684524
11.2 61 -63.313320443731 0.62741108774982
11.3 61 -63.313320443824 0.62370061734374
11.4 61 -63.313320443922 0.62000976414059
11.5 61 -63.313320444019 0.61633888762208
11.6 61 -63.313320444116 0.61268832867443
11.7 61 -63.313320444216 0.60905841003433
11.8 62 -63.313320444318 0.60544943674386
11.9 62 -63.313320444425 0.60186169619673
12 62 -63.313320444533 0.59829545895034
12.1 62 -63.313320444639 0.59475097951441
12.2 62 -63.313320444747 0.59122849704128
12.3 62 -63.313320444855 0.58772823584031
12.4 63 -63.313320444965 0.58425040647847
12.5 63 -63.313320445076 0.58079520662294
12.6 63 -63.313320445189 0.57736282198333
12.7 63 -63.313320445305 0.57395342623339
12.8 63 -63.313320445419 0.57056718411699
12.9 63 -63.313320445534 0.56720424994051
13 63 -63.31332044565 0.56386476983467
13.1 63 -63.313320445767 0.56054888242963
13.2 64 -63.313320445888 0.5572567198084
13.3 64 -63.31332044601 0.55398840805999
13.4 64 -63.31332044613 0.55074406840246
13.5 64 -63.313320446252 0.54752381794775
13.6 64 -63.313320446371 0.54432777055114
13.7 64 -63.313320446486 0.5411560374483
13.8 64 -63.313320446602 0.53800872802546
13.9 64 -63.313320446718 0.53488595007078
14 64 -63.313320446838 0.53178781066251
14.1 64 -63.313320446958 0.5287144165481
14.2 64 -63.31332044708 0.52566587457665
14.3 64 -63.313320447201 0.5226422923846
14.4 64 -63.313320447324 0.51964377802818
14.5 64 -63.31332044745 0.51667044037347
14.6 64 -63.313320447577 0.51372238961094
14.7 65 -63.313320447705 0.51079973705263
14.8 65 -63.313320447833 0.50790259490417
14.9 65 -63.313320447961 0.50503107658702
15 65 -63.313320448091 0.5021852965842
15.1 65 -63.313320448226 0.49936537013813
15.2 65 -63.31332044832 0.49657141296371
15.3 65 -63.313320448457 0.49380354127761
15.4 65 -63.313320448596 0.49106187134932
15.5 65 -63.313320448733 0.48834651919131
15.6 65 -63.313320448872 0.48565760025015
15.7 65 -63.313320449009 0.48299522889519
15.8 65 -63.31332044915 0.48035951796767
15.9 65 -63.31332044929 0.47775057856753
16 66 -63.313320449429 0.47516851959586
16.1 66 -63.313320449569 0.47261344710075
16.2 66 -63.31332044971 0.4700854641779
16.3 67 -63.313320449851 0.46758467038651
16.4 67 -63.313320449991 0.46511116122246
16.5 67 -63.313320450133 0.46266502800622
16.6 67 -63.313320450275 0.4602463573069
16.7 68 -63.313320450421 0.45785523070407
16.8 68 -63.313320450571 0.45549172441317
16.9 68 -63.313320450721 0.45315590893726
17 68 -63.313320450869 0.45084784888468
17.1 68 -63.313320451015 0.44856760275038
17.2 69 -63.313320451162 0.44631522249162
17.3 69 -63.31332045131 0.44409075346992
17.4 69 -63.313320451458 0.44189423426468
17.5 70 -63.313320451605 0.4397256965399
17.6 70 -63.313320451749 0.43758516494312
17.7 70 -63.313320451894 0.43547265719926
17.8 70 -63.313320452038 0.43338818356609
17.9 71 -63.313320452179 0.4313317473396
18 71 -63.313320452324 0.42930334478813
18.1 71 -63.313320452466 0.42730296507886
18.2 71 -63.313320452606 0.42533059041489
18.3 71 -63.313320452745 0.42338619612934
18.4 71 -63.313320452886 0.42146975081785
18.5 71 -63.313320453029 0.41958121648644
18.6 71 -63.313320453171 0.41772054872135
18.7 73 -63.313320453318 0.41588769687724
18.8 74 -63.313320453466 0.41408260428585
18.9 74 -63.313320453615 0.41230520848978
19 74 -63.313320453764 0.41055544145419
19.1 74 -63.313320453915 0.40883322982733
19.2 74 -63.313320454067 0.40713849521357
19.3 74 -63.313320454222 0.40547115441586
19.4 74 -63.31332045438 0.40383111971241
19.5 74 -63.313320454538 0.40221829912494
19.6 74 -63.313320454698 0.40063259670486
19.7 74 -63.313320454859 0.39907391286388
19.8 74 -63.313320455021 0.39754214444245
19.9 75 -63.313320455183 0.39603718517786
20 75 -63.313320455347 0.39455892589354
20.1 75 -63.313320455513 0.39310725475448
20.2 76 -63.313320455681 0.39168205749011
20.3 76 -63.313320455751 0.39028321768585
20.4 76 -63.313320455921 0.38891061691365
20.5 76 -63.313320456095 0.3875641349936
20.6 76 -63.313320456271 0.38624365020453
20.7 76 -63.313320456454 0.38494903942557
20.8 76 -63.31332045664 0.38368017832566
20.9 77 -63.313320456827 0.38243694152348
21 77 -63.313320457016 0.38121920276565
21.1 78 -63.313320457206 0.38002683449866
21.2 78 -63.313320457392 0.37885970970297
21.3 78 -63.313320457575 0.3777176994874
21.4 78 -63.313320457759 0.37660067497396
21.5 78 -63.313320457945 0.3755085067461
21.6 79 -63.313320458125 0.37444106499939
21.7 79 -63.313320458307 0.37339821958958
21.8 79 -63.313320458493 0.3723798400668
21.9 79 -63.313320458676 0.37138579568954
22 80 -63.313320458852 0.37041595544673
22.1 80 -63.313320459022 0.36947018803977
22.2 80 -63.313320459189 0.36854836189064
22.3 81 -63.313320459354 0.36765034512783
22.4 81 -63.313320459517 0.3667760052303
22.5 81 -63.313320459679 0.3659252105399
22.6 81 -63.313320459841 0.36509782724739
22.7 81 -63.313320460006 0.36429372184801
22.8 81 -63.313320460159 0.36351276075049
22.9 81 -63.313320460326 0.36275480898264
23 81 -63.313320460495 0.36201973116603
23.1 82 -63.313320460667 0.36130739114525
23.2 82 -63.31332046084 0.36061765191382
23.3 82 -63.313320461017 0.35995037582869
23.4 83 -63.313320461196 0.35930542364527
23.5 83 -63.313320461378 0.35868265531268
23.6 83 -63.313320461562 0.35808192962053
23.7 83 -63.313320461744 0.35750310397864
23.8 83 -63.313320461933 0.35694603469413
23.9 83 -63.313320462122 0.35641057650372
24 83 -63.313320462315 0.35589658277476
24.1 83 -63.31332046251 0.35540390542878
24.2 83 -63.313320462704 0.35493239523544
24.3 83 -63.313320462899 0.35448190068848
24.4 83 -63.313320463095 0.35405226868458
24.5 84 -63.313320463289 0.35364334506939
24.6 84 -63.313320463487 0.3532549737542
24.7 84 -63.313320463687 0.35288699701894
24.8 84 -63.313320463887 0.3525392556612
24.9 85 -63.313320464093 0.35221158847428
25 85 -63.313320464299 0.35190383314588
25.1 86 -63.313320464511 0.35161582514958
25.2 87 -63.313320464723 0.35134739866662
25.3 87 -63.313320464938 0.35109838629728
25.4 88 -63.313320465149 0.35086861916609
25.5 88 -63.313320465356 0.35065792689313
25.6 88 -63.313320465568 0.35046613768563
25.7 88 -63.313320465775 0.35029307834739
25.8 89 -63.313320465979 0.350138574349
25.9 89 -63.313320466184 0.35000244987891
26 89 -63.313320466388 0.34988452787691
26.1 90 -63.313320466592 0.34978463017421
26.2 90 -63.313320466798 0.34970257750373
26.3 90 -63.313320467 0.34963818921865
26.4 92 -63.313320467199 0.34959128446808
26.5 92 -63.313320467392 0.3495616812009
26.6 92 -63.313320467581 0.34954919628649
26.7 92 -63.31332046777 0.34955364582412
26.8 93 -63.313320467959 0.34957484537973
26.9 93 -63.31332046815 0.3496126098144
27 93 -63.313320468339 0.34966675329277
27.1 93 -63.313320468531 0.34973709003392
27.2 94 -63.313320468727 0.34982343332278
27.3 94 -63.313320468925 0.349925596183
27.4 95 -63.313320469126 0.35004339136419
27.5 95 -63.313320469331 0.35017663107697
27.6 96 -63.313320469532 0.35032512775901
27.7 97 -63.313320469735 0.3504886935183
27.8 98 -63.313320469936 0.35066714029756
27.9 98 -63.313320470143 0.35086027976299
28 99 -63.313320470307 0.35106792407978
28.1 99 -63.313320470513 0.351289885107
28.2 99 -63.313320470715 0.3515259748675
28.3 99 -63.313320470921 0.3517760055228
28.4 100 -63.313320471124 0.35203978942251
28.5 100 -63.313320471329 0.35231713913217
28.6 100 -63.313320471533 0.35260786772764
28.7 101 -63.313320471737 0.35291178820193
28.8 101 -63.313320471942 0.35322871414079
28.9 101 -63.313320472149 0.35355845959909
29 102 -63.313320472354 0.35390083904031
29.1 102 -63.313320472563 0.35425566765108
29.2 103 -63.313320472775 0.35462276094069
29.3 103 -63.31332047299 0.35500193514382
29.4 103 -63.313320473204 0.3553930071711
29.5 104 -63.313320473419 0.35579579462885
29.6 104 -63.313320473632 0.35621011593651
29.7 104 -63.313320473848 0.3566357904016
29.8 104 -63.313320474066 0.35707263810302
29.9 105 -63.313320474285 0.35752048004317
30 105 -63.313320474507 0.3579791378933
30.1 106 -63.313320474727 0.35844843460448
30.2 106 -63.313320474949 0.35892819419151
30.3 106 -63.31332047517 0.35941824143894
30.4 106 -63.313320475392 0.35991840221856
30.5 107 -63.313320475612 0.3604285034341
30.6 108 -63.313320475822 0.36094837301185
30.7 109 -63.313320476038 0.36147783991314
30.8 109 -63.313320476252 0.36201673428801
30.9 111 -63.313320476465 0.36256488688983
31 111 -63.313320476679 0.36312212978401
31.1 111 -63.313320476895 0.36368829602452
31.2 111 -63.313320477112 0.36426321967918
31.3 111 -63.313320477331 0.36484673549042
31.4 112 -63.313320477553 0.36543867930174
31.5 112 -63.313320477777 0.36603888786051
31.6 113 -63.313320478005 0.3666471987877
31.7 113 -63.313320478237 0.36726345047591
31.8 113 -63.313320478469 0.36788748221145
31.9 113 -63.313320478704 0.36851913411354
32 114 -63.313320478942 0.36915824695599
32.1 115 -63.313320479181 0.36980466226033
32.2 115 -63.313320479417 0.3704582222528
32.3 115 -63.313320479652 0.37111876983923
32.4 115 -63.313320479886 0.37178614859713
32.5 116 -63.313320480121 0.37246020269839
32.6 116 -63.313320480357 0.37314077699728
32.7 117 -63.313320480594 0.37382771711131
32.8 117 -63.313320480834 0.37452086925302
32.9 118 -63.313320481077 0.37522008025603
33 118 -63.313320481322 0.37592519743279
33.1 118 -63.313320481569 0.37663606909989
33.2 119 -63.313320481811 0.37735254407032
33.3 120 -63.313320482058 0.37807447183913
33.4 120 -63.313320482306 0.37880170247703
33.5 120 -63.313320482554 0.37953408697274
33.6 121 -63.313320482798 0.38027147688498
33.7 121 -63.313320483044 0.38101372450902
33.8 122 -63.313320483285 0.38176068289005
33.9 122 -63.313320483526 0.38251220593115
34 124 -63.313320483766 0.38326814817012
34.1 124 -63.313320484002 0.38402836488729
34.2 124 -63.31332048424 0.3847927121722
34.3 124 -63.313320484477 0.38556104682292
34.4 124 -63.313320484715 0.38633322664991
34.5 124 -63.31332048495 0.38710910999574
34.6 125 -63.313320485185 0.38788855622764
34.7 125 -63.313320485419 0.3886714253771
34.8 125 -63.313320485653 0.38945757843892
34.9 126 -63.313320485887 0.39024687718145
35 126 -63.313320486122 0.39103918422631
35.1 126 -63.313320486354 0.39183436313466
35.2 126 -63.313320486586 0.39263227820358
35.3 126 -63.313320486817 0.39343279479245
35.4 127 -63.313320487049 0.39423577911106
35.5 128 -63.313320487283 0.39504109826443
35.6 128 -63.313320487517 0.39584862036961
35.7 129 -63.313320487752 0.39665821449499
35.8 130 -63.313320487995 0.39746975082221
35.9 130 -63.313320488233 0.39828310047721
36 130 -63.313320488473 0.39909813560428
36.1 131 -63.313320488712 0.39991472942694
36.2 131 -63.313320488947 0.4007327563009
36.3 131 -63.313320489183 0.40155209170758
36.4 131 -63.313320489419 0.40237261228502
36.5 131 -63.313320489657 0.40319419589684
36.6 132 -63.313320489892 0.40401672153498
36.7 134 -63.313320490124 0.40484006940644
36.8 135 -63.313320490358 0.40566412092195
36.9 135 -63.313320490593 0.40648875881172
37 135 -63.313320490828 0.40731386703932
37.1 135 -63.313320491064 0.40813933076466
37.2 135 -63.3133204913 0.40896503648293
37.3 135 -63.313320491535 0.40979087184029
37.4 135 -63.313320491772 0.41061672595763
37.5 136 -63.313320492008 0.41144248935561
37.6 136 -63.313320492249 0.41226805401386
37.7 136 -63.313320492491 0.41309331286883
37.8 137 -63.313320492736 0.41391816056151
37.9 138 -63.31332049298 0.41474249267168
38 138 -63.313320493225 0.41556620649865
38.1 138 -63.313320493473 0.41638920058476
38.2 138 -63.31332049372 0.41721137484965
38.3 139 -63.313320493975 0.41803263077836
38.4 140 -63.313320494225 0.41885287113769
38.5 140 -63.313320494477 0.41967200008733
38.6 141 -63.313320494731 0.42048992318386
38.7 141 -63.31332049498 0.42130654736454
38.8 142 -63.313320495226 0.42212178098719
38.9 142 -63.313320495473 0.42293553378109
39 143 -63.313320495717 0.4237477168113
39.1 143 -63.313320495957 0.42455824250109
39.2 144 -63.313320496196 0.42536702465609
39.3 144 -63.313320496436 0.4261739784222
39.4 145 -63.313320496673 0.42697902027141
39.5 145 -63.313320496908 0.42778206797785
39.6 145 -63.313320497144 0.42858304059545
39.7 146 -63.313320497381 0.42938185843195
39.8 146 -63.313320497618 0.43017844297064
39.9 147 -63.313320497857 0.43097271694035
40 148 -63.313320498097 0.43176460429547
40.1 148 -63.31332049834 0.43255403002429
40.2 148 -63.313320498586 0.43334092023463
40.3 149 -63.313320498835 0.4341252020419
40.4 149 -63.313320499085 0.4349068035844
40.5 150 -63.313320499339 0.43568565396958
40.6 151 -63.31332049959 0.43646168323949
40.7 151 -63.313320499847 0.4372348223361
40.8 151 -63.313320500106 0.43800500302437
40.9 151 -63.313320500393 0.43877215794039
41 151 -63.313320500654 0.43953622061253
41.1 152 -63.313320500914 0.44029712535204
41.2 152 -63.313320501172 0.4410548071394
41.3 152 -63.313320501429 0.4418092018661
41.4 152 -63.313320501687 0.44256024610553
41.5 154 -63.313320501941 0.44330787719111
41.6 155 -63.313320502196 0.44405203321479
41.7 155 -63.313320502452 0.44479265303465
41.8 155 -63.313320502707 0.44552967629191
41.9 156 -63.313320502957 0.44626304342321
42 156 -63.313320503207 0.4469926956863
42.1 156 -63.313320503459 0.44771857527527
42.2 156 -63.313320503712 0.44844062514776
42.3 157 -63.313320503965 0.44915878924778
42.4 158 -63.313320504218 0.44987301249541
42.5 159 -63.313320504474 0.45058324083056
42.6 159 -63.313320504731 0.45128942125968
42.7 159 -63.31332050499 0.45199150194481
42.8 160 -63.313320505248 0.45268943217015
42.9 160 -63.313320505509 0.45338316237268
43 161 -63.313320505771 0.45407264433819
43.1 162 -63.313320506034 0.45475783112883
43.2 162 -63.313320506297 0.45543867704624
43.3 163 -63.313320506563 0.45611513777274
43.4 164 -63.313320506828 0.45678717044843
43.5 164 -63.313320507082 0.45745473357382
43.6 164 -63.313320507353 0.45811778732215
43.7 164 -63.313320507627 0.45877629284927
43.8 165 -63.313320507899 0.45943021283865
43.9 165 -63.31332050817 0.46007951169447
44 166 -63.313320508441 0.46072415496534
44.1 166 -63.313320508712 0.46136410989906
44.2 167 -63.313320508981 0.46199934483651
44.3 168 -63.313320509247 0.46262982981845
44.4 168 -63.313320509514 0.46325553600886
44.5 169 -63.313320509778 0.463876435962
44.6 170 -63.313320510044 0.46449250366685
44.7 170 -63.313320510308 0.46510371412713
44.8 170 -63.313320510571 0.46571004362942
44.9 171 -63.313320510833 0.46631146961283
45 171 -63.313320511095 0.46690797054308
45.1 172 -63.313320511353 0.46749952609883
45.2 173 -63.313320511609 0.46808611688218
45.3 174 -63.313320511868 0.46866772445067
45.4 175 -63.313320512129 0.46924433127298
45.5 175 -63.31332051239 0.46981592067904
45.6 175 -63.31332051265 0.47038247681579
45.7 175 -63.313320512912 0.47094398460125
45.8 175 -63.313320513173 0.47150042968018
45.9 175 -63.313320513435 0.47205179836314
46 175 -63.313320513688 0.47259807763887
46.1 176 -63.313320513951 0.47313925514071
46.2 176 -63.313320514216 0.47367531906486
46.3 177 -63.313320514485 0.47420625816451
46.4 177 -63.313320514753 0.47473206172816
46.5 178 -63.313320515023 0.47525271955197
46.6 178 -63.313320515295 0.47576822192511
46.7 179 -63.313320515567 0.47627855960792
46.8 179 -63.313320515837 0.47678372382073
46.9 181 -63.313320516105 0.47728370622547
47 181 -63.313320516375 0.47777849892292
47.1 182 -63.313320516645 0.47826809443381
47.2 183 -63.313320516915 0.4787524856951
47.3 183 -63.313320517185 0.47923166605671
47.4 183 -63.313320517455 0.4797056293746
47.5 183 -63.313320517721 0.4801743698142
47.6 184 -63.313320517987 0.48063788184428
47.7 185 -63.313320518252 0.48109616036072
47.8 185 -63.313320518512 0.48154920059379
47.9 185 -63.313320518772 0.48199699863397
48 186 -63.313320519029 0.48243955072611
48.1 186 -63.313320519287 0.48287685356377
48.2 186 -63.313320519545 0.48330890429727
48.3 187 -63.313320519804 0.48373570054361
48.4 188 -63.313320520064 0.48415724039486
48.5 188 -63.313320520324 0.48457352244471
48.6 189 -63.313320520623 0.48498454578204
48.7 189 -63.313320520886 0.48539031000348
48.8 190 -63.313320521148 0.48579081525377
48.9 190 -63.31332052141 0.48618606222863
49 190 -63.313320521671 0.48657605219916
49.1 190 -63.313320521934 0.48696078703082
49.2 192 -63.313320522197 0.4873402692231
49.3 192 -63.31332052246 0.48771450194944
49.4 192 -63.313320522728 0.48808348904908
49.5 193 -63.313320522997 0.48844723506212
49.6 193 -63.313320523268 0.48880574525024
49.7 193 -63.313320523541 0.4891590256289
49.8 193 -63.313320523814 0.48950708296294
49.9 193 -63.313320524091 0.48984992480887
50 194 -63.313320524368 0.49018755951785
50.1 194 -63.313320524647 0.49051999625478
50.2 195 -63.313320524926 0.49084724501648
50.3 195 -63.313320525205 0.49116931664301
50.4 196 -63.313320525485 0.49148622282674
50.5 197 -63.313320525766 0.49179797612145
50.6 197 -63.313320526046 0.49210458994826
50.7 197 -63.313320526327 0.4924060786114
50.8 197 -63.313320526607 0.49270245724657
50.9 197 -63.313320526886 0.49299374186868
51 198 -63.313320527168 0.49327994939323
51.1 198 -63.313320527449 0.49356109756661
51.2 200 -63.313320527717 0.49383720497344
51.3 200 -63.313320527995 0.49410829109963
51.4 200 -63.313320528272 0.49437437632657
51.5 201 -63.313320528547 0.49463548145478
51.6 201 -63.313320528821 0.49489162816412
51.7 202 -63.313320529095 0.49514283905389
51.8 202 -63.313320529369 0.49538913746124
51.9 203 -63.313320529643 0.49563054696922
52 203 -63.31332052992 0.4958670923182
52.1 203 -63.313320530196 0.49609879863398
52.2 204 -63.313320530474 0.49632569161707
52.3 204 -63.31332053075 0.49654779743828
52.4 204 -63.313320531029 0.49676514271636
52.5 205 -63.313320531309 0.49697775473908
52.6 205 -63.313320531593 0.4971856607471
52.7 206 -63.31332053188 0.49738888847053
52.8 206 -63.31332053217 0.49758746604273
52.9 207 -63.31332053246 0.49778142146984
53 207 -63.313320532749 0.49797078353893
53.1 208 -63.313320533039 0.49815558127237
53.2 208 -63.313320533329 0.49833584331719
53.3 208 -63.313320533615 0.49851159849581
53.4 208 -63.3133205339 0.49868287604525
53.5 209 -63.313320534186 0.49884970498549
53.6 209 -63.31332053447 0.49901211432731
53.7 210 -63.313320534769 0.49917013310415
53.8 211 -63.313320535048 0.49932379029981
53.9 211 -63.313320535325 0.49947311482962
54 213 -63.313320535598 0.49961813553514
54.1 214 -63.313320535871 0.49975888115272
54.2 214 -63.313320536142 0.49989538031105
54.3 214 -63.313320536413 0.50002766143672
54.4 214 -63.313320536685 0.50015575301386
54.5 214 -63.313320536958 0.50027968332253
54.6 214 -63.313320537231 0.50039948052525
54.7 214 -63.313320537504 0.50051517267488
54.8 216 -63.313320537779 0.5006267877241
54.9 217 -63.313320538053 0.500734353532
55 217 -63.313320538331 0.5008378978812
55.1 217 -63.313320538605 0.50093744848722
55.2 217 -63.313320538878 0.50103303304538
55.3 218 -63.313320539149 0.50112467919653
55.4 218 -63.313320539424 0.50121241457738
55.5 219 -63.313320539697 0.50129626689554
55.6 219 -63.313320539973 0.50137626389841
55.7 219 -63.31332054025 0.50145243341936
55.8 220 -63.313320540526 0.50152480341592
55.9 220 -63.313320540802 0.50159340199549
56 221 -63.313320541079 0.50165825750344
56.1 222 -63.313320541351 0.50171939841222
56.2 223 -63.313320541592 0.5017768534947
56.3 223 -63.313320541869 0.50183065176921
56.4 223 -63.313320542145 0.50188082264449
56.5 223 -63.313320542421 0.50192739583791
56.6 223 -63.313320542696 0.50197040139172
56.7 224 -63.313320542972 0.50200986976879
56.8 224 -63.313320543247 0.50204583181783
56.9 225 -63.313320543515 0.50207831879995
57 226 -63.313320543787 0.50210736240184
57.1 226 -63.313320544055 0.50213299473865
57.2 226 -63.313320544327 0.50215524835719
57.3 226 -63.313320544595 0.50217415623531
57.4 227 -63.313320544866 0.50218975177314
57.5 227 -63.313320545138 0.50220206878619
57.6 227 -63.31332054541 0.50221114148996
57.7 228 -63.313320545679 0.50221700448564
57.8 229 -63.313320545949 0.50221969274109
57.9 230 -63.31332054622 0.50221924156177
58 230 -63.313320546488 0.50221568656836
58.1 230 -63.31332054676 0.50220906366669
58.2 230 -63.313320547033 0.50219940902116
58.3 230 -63.313320547304 0.50218675901943
58.4 231 -63.313320547577 0.50217115024198
58.5 232 -63.313320547849 0.50215261942911
58.6 232 -63.313320548124 0.50213120344524
58.7 233 -63.313320548401 0.50210693924619
58.8 233 -63.313320548728 0.50207986383717
58.9 233 -63.313320549003 0.50205001425562
59 234 -63.313320549279 0.50201742750978
59.1 234 -63.313320549552 0.50198214056255
59.2 234 -63.313320549826 0.50194419029371
59.3 235 -63.313320550099 0.50190361347414
59.4 236 -63.313320550368 0.50186044672427
59.5 237 -63.313320550638 0.50181472651482
59.6 237 -63.313320550908 0.50176648913171
59.7 238 -63.313320551178 0.50171577065395
59.8 238 -63.313320551451 0.50166260693483
59.9 238 -63.31332055172 0.50160703358121
60 239 -63.313320551992 0.5015490859349
60.1 239 -63.313320552264 0.5014887990578
60.2 239 -63.313320552535 0.50142620771794
60.3 240 -63.313320552806 0.501361346375
60.4 241 -63.313320553073 0.50129424917151
60.5 241 -63.31332055334 0.50122494992789
60.6 242 -63.313320553602 0.50115348213024
60.7 242 -63.313320553865 0.50107987893991
60.8 243 -63.313320554127 0.50100417318325
60.9 243 -63.313320554391 0.50092639736024
61 244 -63.313320554657 0.50084658368586
61.1 244 -63.313320554922 0.50076476402075
61.2 244 -63.31332055519 0.5006809698819
61.3 245 -63.313320555429 0.50059523252665
61.4 245 -63.313320555702 0.50050758292389
61.5 247 -63.313320555976 0.50041805176524
61.6 247 -63.313320556251 0.50032666947157
61.7 248 -63.313320556528 0.50023346620559
61.8 249 -63.313320556806 0.50013847188099
61.9 249 -63.313320557086 0.50004171617312
62 250 -63.313320557368 0.49994322853109
62.1 250 -63.313320557649 0.49984303819079
62.2 251 -63.313320557932 0.49974117418041
62.3 251 -63.313320558214 0.49963766534013
62.4 252 -63.313320558497 0.49953254032573
62.5 252 -63.313320558779 0.49942582762572
62.6 253 -63.313320559062 0.49931755557907
62.7 253 -63.313320559341 0.49920775238516
62.8 253 -63.313320559623 0.49909644611993
62.9 254 -63.313320559904 0.49898366475214
63 254 -63.313320560187 0.4988694361593
63.1 254 -63.313320560467 0.49875378814565
63.2 254 -63.31332056075 0.49863674845869
63.3 255 -63.313320561032 0.4985183448024
63.4 255 -63.313320561315 0.49839860486848
63.5 256 -63.313320561599 0.49827755635308
63.6 256 -63.313320561883 0.4981552269675
63.7 257 -63.313320562166 0.49803164445798
63.8 257 -63.313320562478 0.49790683663038
63.9 259 -63.313320562762 0.49778083136404
64 259 -63.313320563044 0.49765365663028
64.1 260 -63.313320563325 0.49752534050753
64.2 260 -63.313320563605 0.49739591119871
64.3 261 -63.313320563888 0.49726539704104
64.4 261 -63.313320564169 0.49713382651593
64.5 262 -63.313320564454 0.49700122825775
64.6 262 -63.313320564736 0.4968676310525
64.7 263 -63.313320565016 0.49673306384285
64.8 264 -63.313320565294 0.49659755573316
64.9 264 -63.313320565571 0.49646113596312
65 265 -63.313320565846 0.4963238338996
65.1 265 -63.313320566122 0.4961856790307
65.2 266 -63.313320566397 0.49604670094766
65.3 266 -63.313320566672 0.49590692930838
65.4 267 -63.313320566949 0.4957663938141
65.5 267 -63.313320567222 0.49562512417473
65.6 267 -63.313320567498 0.49548315004518
65.7 268 -63.313320567774 0.49534050107205
65.8 268 -63.313320568052 0.49519720677494
65.9 268 -63.313320568331 0.4950532964995
66 269 -63.313320568609 0.49490879946763
66.1 270 -63.313320568889 0.49476374464739
66.2 270 -63.31332056917 0.49461816073953
66.3 271 -63.313320569427 0.49447207613848
66.4 272 -63.313320569709 0.49432551890051
66.5 272 -63.313320569988 0.49417851669964
66.6 273 -63.313320570266 0.49403109680106
66.7 273 -63.313320570546 0.49388328602873
66.8 275 -63.313320570824 0.49373511074232
66.9 275 -63.313320571103 0.49358659681283
67 276 -63.313320571383 0.49343776959873
67.1 276 -63.313320571662 0.49328865393547
67.2 277 -63.313320571939 0.4931392741219
67.3 277 -63.313320572216 0.49298965391478
67.4 277 -63.313320572489 0.49283981651372
67.5 277 -63.313320572763 0.4926897845785
67.6 277 -63.313320573034 0.49253958021729
67.7 278 -63.313320573306 0.49238922499497
67.8 278 -63.313320573577 0.49223873994231
67.9 279 -63.313320573847 0.49208814556429
68 280 -63.313320574118 0.49193746185584
68.1 280 -63.313320574389 0.4917867083111
68.2 280 -63.31332057466 0.49163590394216
68.3 281 -63.313320574932 0.49148506729485
68.4 282 -63.313320575204 0.49133421646432
68.5 283 -63.313320575475 0.49118336911827
68.6 284 -63.313320575747 0.49103254250457
68.7 284 -63.31332057602 0.49088175349554
68.8 284 -63.313320576269 0.49073101858796
68.9 285 -63.313320576548 0.49058035393324
69 286 -63.313320576825 0.49042977534389
69.1 286 -63.313320577103 0.49027929833009
69.2 286 -63.313320577381 0.49012893811989
69.3 286 -63.313320577659 0.48997870967403
69.4 287 -63.31332057794 0.48982862771159
69.5 288 -63.31332057822 0.48967870673535
69.6 288 -63.313320578501 0.48952896105872
69.7 289 -63.313320578784 0.48937940482537
69.8 290 -63.313320579067 0.48923005203386
69.9 290 -63.313320579351 0.48908091656792
70 290 -63.313320579635 0.48893201221765
70.1 290 -63.313320579918 0.48878335270042
70.2 291 -63.313320580202 0.48863495168553
70.3 292 -63.313320580487 0.48848682282045
70.4 293 -63.31332058077 0.48833897975006
70.5 293 -63.313320581056 0.48819143614106
70.6 293 -63.313320581342 0.48804420569682
70.7 294 -63.31332058163 0.48789730217122
70.8 294 -63.313320581916 0.48775073939279
70.9 296 -63.313320582206 0.48760453127835
71 296 -63.313320582496 0.48745869184559
71.1 296 -63.313320582788 0.48731323522296
71.2 297 -63.313320583081 0.48716817565653
71.3 298 -63.313320583354 0.48702352751749
71.4 299 -63.313320583634 0.48687930529042
71.5 300 -63.313320583928 0.48673552362248
71.6 301 -63.313320584219 0.48659219723605
71.7 301 -63.313320584508 0.48644934097589
71.8 302 -63.313320584795 0.48630696978054
71.9 303 -63.313320585081 0.48616509866488
72 303 -63.313320585364 0.486023742701
72.1 304 -63.313320585645 0.48588291699415
72.2 304 -63.313320585922 0.48574263665519
72.3 305 -63.3133205862 0.48560291677274
72.4 306 -63.313320586474 0.4854637723816
72.5 306 -63.31332058675 0.48532521843061
72.6 307 -63.313320587023 0.48518726974837
72.7 307 -63.313320587299 0.48504994101056
72.8 308 -63.313320587576 0.48491324670523
72.9 308 -63.313320587852 0.48477720109965
73 309 -63.313320588129 0.48464181820222
73.1 309 -63.313320588406 0.48450711174228
73.2 309 -63.313320588683 0.48437309514026
73.3 310 -63.313320588961 0.48423978147337
73.4 311 -63.313320589239 0.48410718345497
73.5 312 -63.31332058952 0.48397531341656
73.6 312 -63.313320589801 0.48384418327123
73.7 312 -63.313320590086 0.48371380452068
73.8 313 -63.313320590373 0.48358418823653
73.9 314 -63.313320590698 0.48345534504306
74 315 -63.313320590993 0.48332728510494
74.1 315 -63.313320591283 0.48320001815654
74.2 316 -63.313320591572 0.48307355349019
74.3 317 -63.313320591855 0.48294789993394
74.4 318 -63.313320592137 0.482823065879
74.5 318 -63.31332059242 0.48269905927443
74.6 318 -63.313320592699 0.48257588763299
74.7 319 -63.313320592977 0.48245355807525
74.8 320 -63.313320593251 0.48233207732672
74.9 321 -63.313320593522 0.4822114517172
75 321 -63.313320593793 0.48209168720294
75.1 321 -63.313320594064 0.48197278939268
75.2 322 -63.313320594334 0.48185476355663
75.3 323 -63.313320594604 0.48173761465266
75.4 323 -63.313320594875 0.48162134734405
75.5 323 -63.313320595147 0.48150596600769
75.6 324 -63.313320595418 0.48139147475645
75.7 324 -63.313320595692 0.48127787745595
75.8 324 -63.313320595967 0.4811651777385
75.9 325 -63.313320596244 0.48105337901897
76 326 -63.313320596523 0.48094248451077
76.1 326 -63.313320596803 0.48083249723943
76.2 327 -63.313320597085 0.4807234200522
76.3 329 -63.313320597369 0.48061525564248
76.4 329 -63.313320597623 0.48050800655873
76.5 330 -63.313320597893 0.48040167521364
76.6 330 -63.31332059818 0.48029626384161
76.7 330 -63.313320598465 0.48019177467559
76.8 331 -63.31332059875 0.48008820981001
76.9 331 -63.313320599035 0.47998557124961
77 331 -63.313320599322 0.47988386093765
77.1 332 -63.313320599609 0.47978308076031
77.2 333 -63.3133205999 0.47968323255965
77.3 333 -63.31332060019 0.47958431814619
77.4 333 -63.313320600483 0.47948633930966
77.5 334 -63.313320600775 0.47938929782693
77.6 334 -63.313320601069 0.4792931954811
77.7 335 -63.313320601359 0.47919803405937
77.8 336 -63.313320601644 0.47910381536607
77.9 336 -63.313320601932 0.47901054122228
78 336 -63.313320602216 0.47891821348207
78.1 337 -63.313320602503 0.47882683407684
78.2 338 -63.313320602787 0.47873640488988
78.3 339 -63.313320603071 0.47864692787171
78.4 339 -63.313320603356 0.47855840500314
78.5 339 -63.313320603641 0.47847083828873
78.6 341 -63.313320603926 0.47838422974705
78.7 341 -63.31332060421 0.47829858141152
78.8 342 -63.313320604495 0.47821389532265
78.9 343 -63.313320604778 0.47813017349727
79 343 -63.313320605099 0.47804741791825
79.1 344 -63.313320605385 0.47796563052609
79.2 344 -63.313320605668 0.47788481319456
79.3 345 -63.31332060595 0.47780496771313
79.4 347 -63.313320606231 0.47772609575577
79.5 347 -63.313320606512 0.47764819886858
79.6 348 -63.313320606792 0.47757127845061
79.7 349 -63.313320607071 0.47749533571204
79.8 349 -63.313320607352 0.47742037166007
79.9 350 -63.313320607633 0.47734638707523
80 350 -63.313320607915 0.47727338248403
80.1 351 -63.313320608198 0.47720135814113
80.2 351 -63.313320608481 0.4771303140062
80.3 352 -63.313320608766 0.47706024972645
80.4 352 -63.31332060905 0.47699116460851
80.5 353 -63.313320609335 0.4769230576434
80.6 353 -63.313320609621 0.47685592745306
80.7 354 -63.313320609905 0.47678977229955
80.8 354 -63.313320610189 0.47672459007965
80.9 354 -63.313320610475 0.47666037832579
81 355 -63.313320610759 0.47659713421028
81.1 357 -63.313320611044 0.47653485454885
81.2 358 -63.313320611328 0.47647353580873
81.3 358 -63.313320611612 0.47641317413021
81.4 358 -63.313320611899 0.47635376533648
81.5 359 -63.313320612165 0.47629530495435
81.6 360 -63.313320612441 0.47623778823177
81.7 360 -63.313320612726 0.47618121017185
81.8 362 -63.313320613011 0.47612556555566
81.9 362 -63.313320613294 0.47607084895711
82 363 -63.313320613577 0.47601705478647
82.1 364 -63.31332061386 0.47596417731186
82.2 365 -63.313320614141 0.47591221069296
82.3 365 -63.313320614421 0.47586114900912
82.4 366 -63.313320614701 0.47581098628863
82.5 366 -63.313320614982 0.47576171654091
82.6 366 -63.313320615263 0.4757133337827
82.7 367 -63.313320615545 0.47566583206201
82.8 368 -63.31332061583 0.47561920549363
82.9 368 -63.313320616116 0.47557344827273
83 369 -63.313320616403 0.4755285547062
83.1 369 -63.313320616693 0.47548451923373
83.2 370 -63.313320616982 0.47544133644399
83.3 370 -63.313320617274 0.47539900109488
83.4 371 -63.313320617566 0.47535750813104
83.5 372 -63.313320617856 0.47531685269727
83.6 372 -63.313320618146 0.47527703015064
83.7 373 -63.313320618437 0.47523803607266
83.8 373 -63.313320618725 0.47519986627269
83.9 373 -63.313320619015 0.47516251679732
84 375 -63.313320619305 0.47512598393057
84.1 375 -63.313320619595 0.47509026419535
84.2 375 -63.313320619886 0.47505535435168
84.3 376 -63.313320620177 0.47502125139016
84.4 376 -63.313320620465 0.47498795252041
84.5 377 -63.313320620756 0.47495545516609
84.6 378 -63.313320621046 0.47492375694799
84.7 378 -63.313320621336 0.47489285566807
84.8 378 -63.313320621629 0.47486274929078
84.9 379 -63.31332062192 0.47483343592199
85 380 -63.313320622212 0.47480491378441
85.1 381 -63.313320622505 0.47477718119194
85.2 381 -63.313320622796 0.47475023652303
85.3 383 -63.313320623087 0.47472407819052
85.4 383 -63.313320623378 0.47469870461294
85.5 384 -63.31332062367 0.47467411418054
85.6 385 -63.313320623958 0.47465030521631
85.7 386 -63.313320624246 0.47462727597013
85.8 387 -63.313320624534 0.47460502456438
85.9 387 -63.313320624821 0.47458354897139
86 388 -63.31332062511 0.47456284698309
86.1 389 -63.313320625396 0.47454291617973
86.2 391 -63.31332062568 0.47452375390483
86.3 391 -63.313320625965 0.47450535724087
86.4 392 -63.313320626252 0.47448772298509
86.5 393 -63.313320626538 0.47447084763185
86.6 393 -63.313320626815 0.47445472735243
86.7 393 -63.313320627105 0.47443935798296
86.8 394 -63.313320627393 0.47442473501051
86.9 395 -63.313320627682 0.4744108535659
87 395 -63.31332062797 0.47439770841841
87.1 396 -63.313320628257 0.47438529397216
87.2 396 -63.313320628544 0.47437360426842
87.3 396 -63.313320628832 0.47436263299135
87.4 397 -63.313320629118 0.47435237347237
87.5 398 -63.313320629404 0.47434281869854
87.6 398 -63.31332062969 0.47433396132753
87.7 398 -63.313320629975 0.47432579370015
87.8 399 -63.31332063026 0.4743183078583
87.9 400 -63.313320630546 0.47431149556392
88 400 -63.313320630832 0.47430534832096
88.1 400 -63.313320631116 0.47429985739476
88.2 401 -63.313320631401 0.47429501384031
88.3 402 -63.313320631685 0.47429080852106
88.4 403 -63.313320631972 0.47428723213959
88.5 403 -63.313320632258 0.47428427519619
88.6 404 -63.313320632543 0.47428192821456
88.7 405 -63.313320632829 0.47428018157219
88.8 407 -63.313320633116 0.47427902559186
88.9 407 -63.313320633403 0.47427845051464
89 407 -63.313320633689 0.47427844669792
89.1 408 -63.313320633974 0.47427900442475
89.2 409 -63.313320634262 0.4742801141145
89.3 410 -63.313320634549 0.47428176623523
89.4 411 -63.313320634835 0.47428395136343
89.5 411 -63.313320635119 0.47428666021351
89.6 411 -63.313320635402 0.47428988369519
89.7 413 -63.313320635685 0.47429361286576
89.8 413 -63.313320635966 0.4742978389483
89.9 414 -63.31332063625 0.47430255341935
90 414 -63.313320636533 0.47430774802008
90.1 414 -63.313320636817 0.47431341474534
90.2 415 -63.313320637101 0.47431954586718
90.3 415 -63.313320637384 0.47432613393014
90.4 416 -63.313320637666 0.47433317180979
90.5 417 -63.313320637949 0.47434065267544
90.6 417 -63.313320638232 0.47434857000902
90.7 418 -63.313320638514 0.47435691760684
90.8 419 -63.313320638795 0.47436568958523
90.9 420 -63.313320639078 0.47437488037448
91 420 -63.313320639357 0.47438448471692
91.1 421 -63.313320639637 0.47439449765994
91.2 421 -63.313320639919 0.47440491454441
91.3 422 -63.313320640201 0.47441573099929
91.4 423 -63.313320640486 0.47442694292292
91.5 424 -63.313320640768 0.47443854643512
91.6 424 -63.313320641049 0.47445053797196
91.7 425 -63.313320641334 0.4744629141473
91.8 426 -63.31332064162 0.4744756717813
91.9 427 -63.313320641906 0.47448880788851
92 428 -63.313320642193 0.47450231959636
92.1 428 -63.31332064248 0.47451620416245
92.2 430 -63.313320642768 0.47453045898094
92.3 430 -63.313320643057 0.47454508149999
92.4 432 -63.313320643347 0.47456006921233
92.5 433 -63.313320643636 0.47457541962615
92.6 433 -63.313320643924 0.47459113023425
92.7 434 -63.313320644212 0.47460719848236
92.8 435 -63.313320644501 0.47462362174241
92.9 435 -63.313320644789 0.47464039727781
93 437 -63.313320645078 0.47465752222913
93.1 437 -63.313320645365 0.47467499357142
93.2 438 -63.313320645654 0.47469280808729
93.3 439 -63.313320645942 0.47471096235084
93.4 440 -63.313320646228 0.47472945270356
93.5 441 -63.313320646514 0.47474827523504
93.6 442 -63.313320646797 0.47476742576006
93.7 443 -63.313320647081 0.4747868998065
93.8 444 -63.313320647363 0.47480669260544
93.9 444 -63.313320647645 0.47482679908456
94 445 -63.313320647928 0.47484721385441
94.1 445 -63.313320648206 0.47486793120819
94.2 445 -63.313320648489 0.47488894512561
94.3 447 -63.313320648771 0.47491024926724
94.4 448 -63.313320649051 0.47493183699157
94.5 449 -63.313320649332 0.4749537013622
94.6 450 -63.313320649613 0.47497583515748
94.7 451 -63.313320649896 0.47499823089548
94.8 451 -63.313320650176 0.47502088084864
94.9 451 -63.313320650458 0.4750437770366
95 452 -63.31332065074 0.47506691134326
95.1 453 -63.313320651022 0.47509027545445
95.2 454 -63.313320651305 0.47511386092154
95.3 454 -63.313320651587 0.47513765919187
95.4 455 -63.31332065187 0.47516166164704
95.5 456 -63.313320652152 0.47518585963391
95.6 457 -63.313320652435 0.47521024450092
95.7 458 -63.313320652718 0.47523480763877
95.8 459 -63.313320653002 0.47525954051875
95.9 459 -63.313320653287 0.47528443472439
96 459 -63.313320653574 0.4753094820008
96.1 461 -63.313320653861 0.47533467425496
96.2 461 -63.313320654146 0.4753600036463
96.3 461 -63.313320654434 0.47538546254235
96.4 463 -63.313320654725 0.47541104362833
96.5 464 -63.313320655014 0.47543673984834
96.6 465 -63.31332065531 0.47546254448864
96.7 466 -63.313320655604 0.47548845118247
96.8 466 -63.313320655898 0.47551445391623
96.9 466 -63.313320656192 0.47554054704895
97 467 -63.313320656483 0.47556672531695
97.1 468 -63.313320656775 0.47559298383873
97.2 469 -63.313320657066 0.47561931811423
97.3 470 -63.313320657358 0.47564572402354
97.4 471 -63.313320657648 0.47567219780281
97.5 472 -63.313320657937 0.4756987360661
97.6 472 -63.313320658226 0.4757253357587
97.7 472 -63.313320658515 0.47575199423528
97.8 474 -63.313320658803 0.4757787090578
97.9 475 -63.313320659091 0.47580547810466
98 475 -63.313320659378 0.47583229954655
98.1 476 -63.313320659665 0.47585917171006
98.2 477 -63.31332065995 0.47588609315554
98.3 478 -63.313320660236 0.47591306260867
98.4 478 -63.313320660522 0.47594007892808
98.5 480 -63.313320660809 0.47596714107012
98.6 481 -63.313320661096 0.47599424805818
98.7 481 -63.313320661381 0.47602139894572
98.8 481 -63.313320661669 0.47604859278198
98.9 483 -63.313320661958 0.47607582858256
99 483 -63.313320662248 0.47610310529951
99.1 484 -63.313320662522 0.47613042179057
99.2 485 -63.313320662812 0.47615777678784
99.3 485 -63.313320663107 0.4761851688854
99.4 486 -63.313320663399 0.47621259650588
99.5 487 -63.313320663692 0.47624005788475
99.6 488 -63.313320663985 0.47626755105427
99.7 490 -63.313320664279 0.47629507382749
99.8 491 -63.313320664572 0.47632262378603
99.9 491 -63.313320664864 0.4763501982788
100 492 -63.313320665156 0.47637779440961
