0.47583229954655
0.50775174616098
0.14271225537957
0.67186913393476
0.1099389804629
0.881757205438
0.092983703987273
0.92606536722271
0.079542396338705
0.9509571400244
0.06581405813827
0.96646277949998
0.051318719884552
0.97633881386386
0.037982476557524
0.98325442876623
0.027661943923387
0.98831175996659
0.020600098734116
0.99166602447976
0.015863132013111
0.99355188839912
0.012505175667429
0.99456596872506
0.99526215458226
0.010079646492287
0.99584705016479
0.0083748901080027
0.99630415706279
0.0071534939598098
0.99662167297166
0.0062010420155412
0.99686889206982
0.0054183465691233
0.99710569420195
0.0047926994992296
0.99732873380466
0.0042990144058256
0.99751369047343
0.003889891986698
0.99766326097634
0.0035309395697428
0.99780253945689
0.0032194141927482
0.99794136974803
0.0029559103912322
0.99806944820024
0.0027300478063404
0.99817696229611
0.0025273684484289
0.99827380947171
0.0023423839606987
0.99836807950654
0.0021788742304242
0.99846096909187
0.0020336754393938
0.99854556980378
0.0019026439770947
0.0017827075916908
0.99861824967375
0.99868767628696
0.0016703718637105
0.99875615003351
0.0015679124679709
0.99882228521544
0.0014768006264322
0.99888216458464
0.0013909524948623
0.99893683512639
0.001312067821719
0.99898808986863
0.0012396613744687
0.0011687924003313
0.99904007040703
0.0011023693466865
0.99908891758525
0.99913383091424
0.0010430628661159
0.00098751535086138
0.99917513673783
0.00093458339515166
0.99921531053478
0.00088359082731148
0.9992546181038
0.00083530635180496
0.99929158297395
0.00079134839321747
0.9993270559444
0.00075072355889428
0.99935926499505
0.00071210644824812
0.99939002640467
0.99942044274118
0.00067260342169133
0.99945031653746
0.00063614316538129
0.99947923290599
0.00060260457427386
0.99950492935833
0.00057248811217945
0.99952898250159
0.00054375602495529
0.99955238305981
0.00051500686240879
0.99957749589
0.00048387150933539
0.99959956588433
0.00045813899290593
0.99962125480916
0.00043213922156619
0.00040989909959871
0.99963821718654
0.9996595728235
0.00039357230075751
0.99967848669823
0.00037013472807445
0.9996948785442
0.00034674592584579
0.99971261472903
0.00032755114424282
0.0003050249109396
0.99972870311714
0.99974472742552
0.00028702855441732
0.99975907049447
0.00026984788199902
0.9997731405494
0.00025417521696904
0.99978688890599
0.00023904478925141
0.99980044673155
0.00022361628659627
0.00020851159422258
0.9998135717226
0.00019425243915687
0.99982589268367
0.00018130363384268
0.99983756073929
0.0001694300413327
0.99984850300509
0.00015829523843426
0.99985882473546
0.00014762888956382
0.99986867812404
0.00013722834059847
0.99987817493048
0.00012694969355678
0.99988735581414
0.99989611429766
0.0001168307451025
0.99990448837539
0.00010690922569215
9.730253180068e-05
0.99991238541131
8.643690490566e-05
0.99991990724809
7.9434576423565e-05
0.99992701610137
0.99993374218748
7.2869177885274e-05
0.99994021809744
6.6315568042349e-05
0.99994621613274
5.9739387512762e-05
5.3256110856966e-05
0.99995188053809
4.7035441605788e-05
0.99995722491891
4.1202056690803e-05
0.99996224354677
3.5862310790785e-05
0.999966933409
3.1005489980804e-05
0.99997131056487
2.6605984314396e-05
0.99997533414655
2.2620706169916e-05
0.99997903746133
1.9006446090647e-05
0.99998242630181
1.5731840454337e-05
0.99998550612056
1.2770327522766e-05
0.99998828036609
1.011429641039e-05
0.99999075385576
7.7615047686389e-06
0.9999929297463
5.7134309990634e-06
0.99999481179096
3.9733970130673e-06
0.99999640099656
2.5458491121268e-06
0.99999769863938
1.433138081592e-06
0.99999870655962
6.3725355317589e-07
0.99999942573479
1.5935987126966e-07
0.99999985652597
