0 23 -1.3194220303935 0.99993590008071
0.1 25 -1.3194220508661 0.99987069359889
0.2 25 -1.3194220508664 0.99967513437337
0.3 25 -1.3194220508666 0.99934940286739
0.4 25 -1.3194220508668 0.99889379943768
0.5 25 -1.3194220508671 0.9983087436892
0.6 25 -1.3194220508673 0.99759477358473
0.7 25 -1.3194220508676 0.9967525443056
0.8 25 -1.3194220508679 0.99578282686784
0.9 25 -1.3194220508682 0.99468650649878
1 25 -1.3194220508685 0.99346458077998
1.1 27 -1.3194220509542 0.99211815750018
1.2 27 -1.3194220510856 0.99064845234268
1.3 27 -1.3194220512169 0.98905678641047
1.4 27 -1.3194220513477 0.98734458324873
1.5 27 -1.3194220514782 0.98551336599843
1.6 27 -1.3194220516083 0.98356475427819
1.7 27 -1.3194220517379 0.98150046089574
1.8 27 -1.3194220518671 0.97932228840046
1.9 27 -1.3194220519958 0.97703212548933
2 27 -1.3194220521241 0.97463194327881
2.1 27 -1.3194220522409 0.97212379164825
2.2 27 -1.3194220522574 0.96950979466534
2.3 27 -1.3194220522753 0.96679214722082
2.4 27 -1.3194220522972 0.96397311060974
2.5 27 -1.3194220523215 0.96105500834996
2.6 27 -1.3194220523476 0.95804022193421
2.7 27 -1.3194220523752 0.95493118653745
2.8 27 -1.3194220524039 0.95173038669714
2.9 27 -1.3194220524339 0.94844035198005
3 27 -1.3194220524651 0.94506365264888
3.1 27 -1.3194220524972 0.94160289547589
3.2 27 -1.3194220525299 0.93806071903455
3.3 27 -1.3194220525633 0.93443978986373
3.4 27 -1.3194220525975 0.93074279809375
3.5 27 -1.3194220526326 0.92697245330625
3.6 27 -1.3194220526688 0.92313148045224
3.7 27 -1.319422052706 0.91922261584989
3.8 27 -1.3194220527445 0.91524860327122
3.9 27 -1.3194220527844 0.91121219012629
4 27 -1.319422052826 0.90711612375301
4.1 27 -1.3194220528262 0.90296314800864
4.2 27 -1.3194220528265 0.89875599921833
4.3 27 -1.3194220528268 0.89449740342103
4.4 27 -1.3194220528271 0.8901900729127
4.5 27 -1.3194220528274 0.88583670317692
4.6 27 -1.3194220528278 0.88143996993426
4.7 27 -1.3194220528283 0.87700252633257
4.8 27 -1.3194220528289 0.87252700028081
4.9 27 -1.3194220528297 0.86801599192745
5 27 -1.3194220528307 0.86347207128447
5.1 27 -1.3194220529042 0.85889777584325
5.2 27 -1.3194220529895 0.85429560888788
5.3 27 -1.3194220530798 0.84966803726118
5.4 27 -1.3194220531747 0.8450174895718
5.5 27 -1.3194220532746 0.84034635457663
5.6 27 -1.3194220533801 0.8356569796601
5.7 27 -1.319422053492 0.8309516694473
5.8 27 -1.3194220536113 0.8262326845478
5.9 27 -1.3194220537395 0.82150224042644
6 27 -1.3194220537398 0.81676250678805
6.1 27 -1.3194220537402 0.81201560566573
6.2 27 -1.3194220537406 0.80726361132175
6.3 27 -1.3194220537411 0.80250854980499
6.4 27 -1.3194220537416 0.79775239805733
6.5 27 -1.3194220537423 0.79299708350344
6.6 27 -1.319422053743 0.78824448367554
6.7 27 -1.319422053744 0.78349642592312
6.8 27 -1.3194220537451 0.77875468720298
6.9 27 -1.3194220537464 0.77402099394442
7 27 -1.319422053748 0.76929702198409
7.1 27 -1.3194220537515 0.76458439662799
7.2 27 -1.3194220537553 0.75988469246309
7.3 27 -1.3194220537596 0.75519943383095
7.4 27 -1.3194220537646 0.75053009475991
7.5 27 -1.3194220537702 0.74587809922531
7.6 27 -1.3194220537766 0.74124482139767
7.7 27 -1.3194220537838 0.73663158592723
7.8 27 -1.3194220537921 0.73203966826096
7.9 27 -1.3194220538018 0.72747029498867
8 27 -1.3194220538134 0.7229246442149
8.1 27 -1.3194220538159 0.71840384760489
8.2 27 -1.3194220538187 0.71390898518068
8.3 27 -1.3194220538218 0.70944109151113
8.4 27 -1.3194220538254 0.70500115358515
8.5 27 -1.3194220538293 0.70059011163875
8.6 27 -1.3194220538336 0.69620885969592
8.7 27 -1.3194220538384 0.69185824611303
8.8 27 -1.3194220538435 0.68753907412745
8.9 27 -1.319422053849 0.68325210241134
9 27 -1.319422053855 0.67899804563259
9.1 27 -1.3194220538613 0.67477757545064
9.2 27 -1.3194220538681 0.6705913195563
9.3 27 -1.3194220538754 0.66643986427857
9.4 27 -1.3194220538832 0.66232375405727
9.5 27 -1.3194220538915 0.65824349225305
9.6 27 -1.3194220539003 0.65419954175011
9.7 27 -1.3194220539099 0.650192325567
9.8 27 -1.3194220539202 0.64622222747802
9.9 27 -1.3194220539313 0.64228959264655
10 27 -1.3194220539435 0.63839472827259
10.1 28 -1.3194220539571 0.63453790442054
10.2 28 -1.3194220539721 0.63071935404397
10.3 28 -1.3194220539891 0.62693927466384
10.4 28 -1.3194220540084 0.62319782843782
10.5 28 -1.3194220540305 0.61949514306598
10.6 28 -1.3194220540561 0.61583131255536
10.7 28 -1.3194220540858 0.61220639801005
10.8 28 -1.3194220541205 0.60862042844796
10.9 28 -1.3194220541608 0.60507340164541
11 28 -1.3194220542077 0.60156528501084
11.1 30 -1.3194220542618 0.59809601668188
11.2 30 -1.3194220543237 0.59466550568854
11.3 30 -1.319422054394 0.59127363405374
11.4 30 -1.3194220544731 0.58792025706151
11.5 30 -1.3194220545612 0.5846052044572
11.6 30 -1.3194220546584 0.58132828150857
11.7 30 -1.3194220547645 0.57808927009787
11.8 30 -1.3194220548793 0.57488792984454
11.9 30 -1.3194220550025 0.57172399925776
12 30 -1.3194220551342 0.56859719691779
12.1 31 -1.3194220551354 0.56550722358448
12.2 31 -1.3194220551366 0.56245376063041
12.3 31 -1.319422055138 0.55943647433647
12.4 31 -1.3194220551395 0.55645501590402
12.5 31 -1.3194220551412 0.55350902288704
12.6 31 -1.3194220551429 0.55059812050863
12.7 31 -1.3194220551448 0.54772192299113
12.8 31 -1.319422055147 0.54488003489727
12.9 31 -1.3194220551492 0.54207205247896
13 31 -1.3194220551518 0.53929756503101
13.1 31 -1.3194220551545 0.53655615633006
13.2 31 -1.3194220551574 0.53384740567322
13.3 31 -1.3194220551606 0.53117088965781
13.4 31 -1.319422055164 0.52852618326415
13.5 31 -1.3194220551677 0.52591286122923
13.6 31 -1.3194220551718 0.52333049935349
13.7 31 -1.3194220551761 0.52077867578505
13.8 31 -1.3194220551809 0.51825697227786
13.9 31 -1.3194220551861 0.51576497542017
14 31 -1.3194220551918 0.51330227782946
14.1 32 -1.319422055248 0.51086847916471
14.2 32 -1.3194220553241 0.50846318764572
14.3 32 -1.3194220554057 0.50608602075973
14.4 32 -1.3194220554918 0.50373660639555
14.5 32 -1.3194220555822 0.5014145838064
14.6 32 -1.3194220556771 0.49911960452997
14.7 32 -1.3194220557762 0.49685133324766
14.8 32 -1.3194220558798 0.49460944858234
14.9 32 -1.3194220559878 0.49239364383249
15 32 -1.3194220561001 0.49020362764027
15.1 34 -1.3194220562167 0.4880391243924
15.2 34 -1.3194220563374 0.48589987547602
15.3 34 -1.3194220564622 0.48378563874979
15.4 34 -1.3194220565907 0.48169618951978
15.5 34 -1.3194220567229 0.47963132071944
15.6 34 -1.3194220568584 0.477590843145
15.7 34 -1.319422056997 0.47557458561586
15.8 34 -1.3194220571385 0.4735823950595
15.9 34 -1.3194220572825 0.47161413652109
16 34 -1.3194220574288 0.4696696930984
16.1 35 -1.3194220575782 0.46774896555137
16.2 35 -1.3194220577291 0.46585187307647
16.3 35 -1.3194220578815 0.46397835157153
16.4 35 -1.3194220580352 0.46212835423329
16.5 35 -1.3194220581901 0.46030185090272
16.6 35 -1.3194220583463 0.45849882757977
16.7 35 -1.3194220585038 0.45671928587532
16.8 35 -1.3194220586629 0.45496324240351
16.9 35 -1.3194220588239 0.4532307281177
17 35 -1.3194220589871 0.45152178759339
17.1 37 -1.3194220591535 0.44983647792519
17.2 37 -1.3194220593231 0.44817486923134
17.3 37 -1.3194220594966 0.44653704187234
17.4 37 -1.3194220595167 0.44492308805538
17.5 37 -1.3194220595395 0.4433331069004
17.6 37 -1.319422059565 0.44176720717606
17.7 37 -1.319422059593 0.44022550510091
17.8 37 -1.3194220596236 0.43870812334861
17.9 37 -1.3194220596564 0.43721519003904
18 37 -1.3194220596915 0.43574683771975
18.1 40 -1.3194220597287 0.43430320193532
18.2 40 -1.3194220597683 0.43288442177119
18.3 40 -1.3194220598103 0.43149063657795
18.4 40 -1.3194220598552 0.43012198640364
18.5 40 -1.3194220599031 0.42877861065345
18.6 40 -1.3194220599545 0.42746064711235
18.7 40 -1.3194220600098 0.42616823099002
18.8 40 -1.3194220600692 0.42490149399203
18.9 40 -1.3194220601331 0.42366056342136
19 40 -1.319422060202 0.42244556131386
19.1 41 -1.319422060276 0.42125660309646
19.2 41 -1.3194220603555 0.42009379880297
19.3 41 -1.3194220604407 0.41895724941153
19.4 41 -1.3194220605319 0.41784704803568
19.5 41 -1.3194220606294 0.41676327881808
19.6 41 -1.3194220607333 0.41570601633155
19.7 41 -1.3194220608439 0.41467532503211
19.8 41 -1.3194220609612 0.41367125876529
19.9 41 -1.3194220610855 0.41269386032674
20 41 -1.3194220612168 0.41174316107769
20.1 41 -1.3194220613536 0.41081917999246
20.2 41 -1.3194220613547 0.40992192671033
20.3 41 -1.3194220613558 0.4090513950955
20.4 41 -1.319422061357 0.40820756803028
20.5 41 -1.3194220613583 0.40739041586436
20.6 41 -1.3194220613596 0.40659989635581
20.7 41 -1.3194220613609 0.4058359546625
20.8 41 -1.3194220613623 0.40509852338223
20.9 41 -1.3194220613638 0.40438752263946
21 41 -1.3194220613653 0.40370286021631
21.1 43 -1.3194220613669 0.40304443113281
21.2 43 -1.3194220613685 0.40241212024663
21.3 43 -1.3194220613702 0.40180579888465
21.4 43 -1.319422061372 0.40122532756683
21.5 43 -1.3194220613739 0.40067055569319
21.6 43 -1.3194220613758 0.40014132188401
21.7 43 -1.3194220613778 0.39963745434168
21.8 43 -1.31942206138 0.39915877123217
21.9 43 -1.3194220613822 0.39870508108304
22 43 -1.3194220613846 0.39827618319444
22.1 44 -1.3194220614556 0.39787186910232
22.2 44 -1.3194220614582 0.39749191887972
22.3 44 -1.319422061461 0.39713610768403
22.4 44 -1.319422061464 0.39680420215915
22.5 44 -1.3194220614671 0.39649596185563
22.6 44 -1.3194220614704 0.39621113965169
22.7 44 -1.3194220614739 0.39594948216577
22.8 44 -1.3194220614776 0.39571073015807
22.9 44 -1.3194220614815 0.39549461891882
23 44 -1.3194220614858 0.39530087864129
23.1 45 -1.3194220615844 0.39512923569382
23.2 45 -1.3194220616249 0.39497940918266
23.3 45 -1.3194220616667 0.394851117096
23.4 45 -1.3194220617097 0.3947440726054
23.5 45 -1.3194220617539 0.39465798536711
23.6 45 -1.3194220617995 0.39459256177428
23.7 45 -1.3194220618463 0.39454750518669
23.8 45 -1.3194220619668 0.39452251664814
23.9 45 -1.3194220621589 0.39451729408296
24 45 -1.3194220623481 0.39453153239108
24.1 46 -1.3194220624662 0.39456492333138
24.2 46 -1.3194220626493 0.39461716041853
24.3 46 -1.319422062829 0.39468793109072
24.4 46 -1.3194220630054 0.39477692208865
24.5 46 -1.3194220631785 0.3948838182039
24.6 46 -1.3194220633481 0.39500830233653
24.7 46 -1.3194220635144 0.39515005554092
24.8 46 -1.3194220636773 0.39530875706168
24.9 46 -1.3194220638368 0.39548408436193
25 46 -1.319422063993 0.39567571314622
25.1 48 -1.3194220641663 0.39588331764832
25.2 48 -1.3194220643162 0.39610656947757
25.3 48 -1.3194220644628 0.39634513954923
25.4 48 -1.3194220646063 0.3965986967357
25.5 48 -1.3194220647467 0.3968669082647
25.6 48 -1.3194220648841 0.3971494397581
25.7 48 -1.3194220650186 0.39744595528067
25.8 48 -1.3194220651504 0.39775611740116
25.9 48 -1.3194220652796 0.39807958726744
26 48 -1.3194220654063 0.3984160246975
26.1 50 -1.3194220655538 0.39876508847756
26.2 50 -1.3194220656762 0.39912643571848
26.3 50 -1.3194220657966 0.39949972317406
26.4 50 -1.3194220659152 0.39988460661875
26.5 50 -1.3194220660321 0.40028074123652
26.6 50 -1.3194220661477 0.4006877818319
26.7 50 -1.3194220662621 0.40110538306328
26.8 50 -1.3194220663755 0.40153319969824
26.9 50 -1.3194220664883 0.40197088689074
27 50 -1.3194220666006 0.40241810047959
27.1 51 -1.3194220667404 0.40287449744755
27.2 51 -1.3194220668525 0.40333973568976
27.3 51 -1.3194220669649 0.40381347524095
27.4 51 -1.3194220670779 0.40429537805738
27.5 51 -1.3194220671918 0.40478510855697
27.6 51 -1.3194220673067 0.40528233402081
27.7 51 -1.319422067423 0.40578672500591
27.8 51 -1.319422067541 0.40629795576681
27.9 51 -1.3194220676608 0.40681570468365
28 51 -1.3194220677828 0.40733965469402
28.1 52 -1.3194220679404 0.40786949385013
28.2 52 -1.319422068067 0.40840491511591
28.3 52 -1.3194220681962 0.40894561795189
28.4 52 -1.3194220683284 0.40949130782722
28.5 52 -1.3194220684637 0.41004169689037
28.6 52 -1.3194220686023 0.41059650436658
28.7 52 -1.3194220687445 0.41115545693944
28.8 52 -1.3194220688904 0.41171828911403
28.9 52 -1.3194220690403 0.4122847435589
29 52 -1.3194220691944 0.41285457142438
29.1 52 -1.3194220693819 0.41342753301627
29.2 52 -1.3194220695448 0.41400339648452
29.3 52 -1.3194220697124 0.41458194049118
29.4 52 -1.3194220698848 0.41516295274052
29.5 52 -1.3194220700622 0.41574623057375
29.6 52 -1.3194220702448 0.41633158109986
29.7 52 -1.3194220702846 0.41691882181122
29.8 52 -1.3194220703261 0.41750777905562
29.9 52 -1.3194220703693 0.41809828965369
30 52 -1.3194220704142 0.41869020033781
30.1 53 -1.3194220704873 0.41928336815656
30.2 53 -1.3194220705361 0.41987765849092
30.3 53 -1.3194220705868 0.42047294776633
30.4 53 -1.3194220706397 0.42106912135706
30.5 53 -1.3194220706948 0.42166607385417
30.6 53 -1.3194220707522 0.42226370881488
30.7 53 -1.3194220708119 0.42286193847737
30.8 53 -1.319422070874 0.42346068344299
30.9 53 -1.3194220709386 0.42405987232783
31 53 -1.3194220710058 0.42465944138603
31.1 54 -1.3194220710973 0.42525933457504
31.2 54 -1.3194220711697 0.42585950123418
31.3 54 -1.319422071245 0.42645989850905
31.4 54 -1.3194220713232 0.42706048896774
31.5 54 -1.3194220714044 0.42766124059759
31.6 54 -1.3194220714886 0.42826212631926
31.7 54 -1.3194220715758 0.42886312349139
31.8 54 -1.3194220716661 0.4294642134107
31.9 54 -1.3194220717596 0.43006538081134
32 54 -1.3194220718561 0.43066661336682
32.1 56 -1.3194220719619 0.43126790165271
32.2 56 -1.3194220720646 0.43186923685497
32.3 56 -1.3194220721703 0.43247061300386
32.4 56 -1.3194220722791 0.43307202472379
32.5 56 -1.3194220723909 0.43367346724804
32.6 56 -1.3194220725057 0.43427493600628
32.7 56 -1.3194220726234 0.43487642623717
32.8 56 -1.319422072744 0.43547793262828
32.9 56 -1.3194220728674 0.43607944898565
33 56 -1.3194220729935 0.436680967935
33.1 58 -1.3194220731205 0.4372824810787
33.2 58 -1.319422073252 0.43788397708488
33.3 58 -1.3194220733861 0.43848544400053
33.4 58 -1.3194220735227 0.43908686743357
33.5 58 -1.3194220736619 0.43968823084578
33.6 58 -1.3194220738034 0.44028951547204
33.7 58 -1.3194220739474 0.44089070027747
33.8 58 -1.3194220740938 0.44149176195234
33.9 58 -1.3194220742425 0.442092674944
34 58 -1.3194220743935 0.44269341152501
34.1 59 -1.3194220745415 0.44329394228406
34.2 59 -1.319422074697 0.44389423469274
34.3 59 -1.3194220748547 0.44449425565325
34.4 59 -1.3194220750145 0.44509397009074
34.5 59 -1.3194220751763 0.44569334158196
34.6 59 -1.3194220753402 0.44629233260285
34.7 59 -1.319422075506 0.4468909047972
34.8 59 -1.3194220756736 0.4474890192634
34.9 59 -1.3194220758431 0.44808663685593
35 59 -1.3194220760143 0.44868371849829
35.1 60 -1.3194220761804 0.44928022595393
35.2 60 -1.3194220763545 0.44987612036883
35.3 60 -1.3194220765298 0.45047136523965
35.4 60 -1.3194220767063 0.45106592499545
35.5 60 -1.3194220768838 0.45165976574143
35.6 60 -1.3194220770622 0.4522528555629
35.7 60 -1.3194220772414 0.45284516481464
35.8 60 -1.3194220774213 0.45343666639208
35.9 60 -1.3194220776017 0.45402733598079
36 60 -1.3194220777825 0.454617152281
36.1 62 -1.3194220779767 0.45520609761806
36.2 62 -1.3194220780347 0.45579415657313
36.3 62 -1.3194220780917 0.45638131822777
36.4 62 -1.3194220781479 0.45696757497756
36.5 62 -1.3194220782032 0.45755292287876
36.6 62 -1.3194220782575 0.45813736166318
36.7 62 -1.3194220783108 0.45872089471201
36.8 62 -1.3194220783632 0.45930352898648
36.9 62 -1.3194220784146 0.45988527491438
37 62 -1.3194220784651 0.46046614623196
37.1 64 -1.3194220785136 0.46104616006776
37.2 64 -1.3194220785625 0.46162533554031
37.3 64 -1.3194220786109 0.46220369520982
37.4 64 -1.3194220786587 0.46278126357321
37.5 64 -1.3194220787063 0.4633580669824
37.6 64 -1.3194220787538 0.46393413322787
37.7 64 -1.3194220788015 0.46450949108439
37.8 64 -1.3194220788497 0.46508416982136
37.9 64 -1.3194220788986 0.46565819868052
38 64 -1.3194220789485 0.46623160632431
38.1 66 -1.3194220790014 0.46680442042024
38.2 66 -1.3194220790542 0.46737666636926
38.3 66 -1.3194220791091 0.46794836773099
38.4 66 -1.3194220791662 0.46851954487048
38.5 66 -1.3194220792258 0.46909021450314
38.6 66 -1.3194220792883 0.46966038904751
38.7 66 -1.3194220793538 0.47023007597796
38.8 66 -1.3194220794226 0.47079927718183
38.9 66 -1.3194220794949 0.47136798832618
39 66 -1.3194220795708 0.47193619823896
39.1 68 -1.3194220796409 0.47250388852223
39.2 68 -1.3194220797242 0.47307103213007
39.3 68 -1.3194220798114 0.47363759409051
39.4 68 -1.3194220799023 0.4742035301505
39.5 68 -1.3194220799969 0.47476878651376
39.6 68 -1.3194220800952 0.47533329941136
39.7 68 -1.319422080197 0.47589699471952
39.8 68 -1.3194220803021 0.47645978762904
39.9 68 -1.3194220804105 0.47702158236978
40 68 -1.3194220805219 0.47758227199381
40.1 70 -1.3194220806153 0.47814173851017
40.2 70 -1.3194220807322 0.4786998516382
40.3 70 -1.3194220808515 0.47925647051163
40.4 70 -1.319422080973 0.47981144257415
40.5 70 -1.3194220810965 0.48036460398104
40.6 70 -1.3194220812217 0.4809157797848
40.7 70 -1.3194220813485 0.4814647841927
40.8 70 -1.3194220814766 0.48201142089618
40.9 70 -1.3194220816058 0.48255548347173
41 70 -1.319422081736 0.48309675585246
41.1 71 -1.3194220818415 0.48363501315885
41.2 71 -1.3194220819727 0.48417002118307
41.3 71 -1.3194220821042 0.48470153869674
41.4 71 -1.3194220822357 0.48522931713028
41.5 71 -1.3194220823671 0.48575310162519
41.6 71 -1.3194220824982 0.48627263188484
41.7 71 -1.3194220826289 0.48678764307709
41.8 71 -1.319422082759 0.48729786678417
41.9 71 -1.3194220828883 0.48780303199506
42 71 -1.3194220830167 0.48830286613516
42.1 72 -1.3194220831173 0.4887970962093
42.2 72 -1.3194220832435 0.48928544953961
42.3 72 -1.3194220833685 0.48976765542951
42.4 72 -1.3194220834922 0.49024344590036
42.5 72 -1.3194220836143 0.49071255691843
42.6 72 -1.319422083735 0.49117472952722
42.7 72 -1.319422083854 0.49162971097407
42.8 72 -1.3194220839714 0.49207725582505
42.9 72 -1.3194220840872 0.49251712706167
43 72 -1.3194220842013 0.49294909715296
43.1 75 -1.3194220842959 0.49337294897211
43.2 75 -1.3194220844068 0.49378847728497
43.3 75 -1.3194220845162 0.49419548900422
43.4 75 -1.3194220846241 0.49459380455576
43.5 75 -1.3194220847307 0.49498325862612
43.6 75 -1.3194220848362 0.49536370095838
43.7 75 -1.3194220849406 0.49573499708319
43.8 75 -1.3194220850442 0.49609702897995
43.9 75 -1.3194220851472 0.49644969566412
44 75 -1.3194220852498 0.49679291369659
44.1 78 -1.3194220853469 0.49712661740352
44.2 78 -1.3194220854495 0.4974507600597
44.3 78 -1.3194220855525 0.49776531288006
44.4 78 -1.3194220856561 0.49807026603838
44.5 78 -1.3194220857606 0.49836562853369
44.6 78 -1.3194220858663 0.49865142817988
44.7 78 -1.3194220859733 0.49892771150455
44.8 78 -1.319422086082 0.49919454355762
44.9 78 -1.3194220861925 0.4994520076304
45 78 -1.3194220863049 0.49970020488666
45.1 80 -1.3194220864123 0.49993925366783
45.2 80 -1.319422086529 0.50016928991214
45.3 80 -1.3194220866479 0.50039046510102
45.4 80 -1.3194220867691 0.5006029465157
45.5 80 -1.3194220868927 0.50080691623062
45.6 80 -1.3194220870188 0.50100257027477
45.7 80 -1.3194220871472 0.50119011772909
45.8 80 -1.319422087278 0.50136977976531
45.9 80 -1.3194220874111 0.50154178863154
46 80 -1.3194220875464 0.50170638659078
46.1 81 -1.3194220876765 0.50186382451733
46.2 81 -1.3194220878248 0.50201436186557
46.3 81 -1.3194220879757 0.50215826399002
46.4 81 -1.3194220881287 0.50229580187617
46.5 81 -1.3194220882838 0.50242725073236
46.6 81 -1.3194220884407 0.50255288878274
46.7 81 -1.3194220885994 0.50267299605986
46.8 81 -1.3194220887597 0.50278785320389
46.9 81 -1.3194220889216 0.50289774027586
47 81 -1.3194220890848 0.50300293559152
47.1 83 -1.3194220892396 0.50310371437676
47.2 83 -1.3194220894114 0.50320034845299
47.3 83 -1.3194220895831 0.50329310404532
47.4 83 -1.3194220897549 0.50338224146883
47.5 83 -1.319422089927 0.50346801400172
47.6 83 -1.3194220900993 0.50355066697542
47.7 83 -1.319422090272 0.50363043692728
47.8 83 -1.3194220904451 0.5037075508201
47.9 83 -1.3194220906184 0.50378222533252
48 83 -1.319422090792 0.50385466622386
48.1 85 -1.31942209099 0.50392506745674
48.2 85 -1.3194220911938 0.5039936119642
48.3 85 -1.3194220913961 0.50406046947631
48.4 85 -1.3194220915982 0.50412579728104
48.5 85 -1.3194220918005 0.50418973979872
48.6 85 -1.319422092003 0.50425242842601
48.7 85 -1.3194220922059 0.50431398147643
48.8 85 -1.3194220924091 0.50437450420755
48.9 85 -1.3194220926125 0.50443408893203
49 85 -1.3194220928163 0.5044928152105
49.1 86 -1.3194220930155 0.50455075012367
49.2 86 -1.3194220932312 0.50460794863701
49.3 86 -1.3194220934475 0.50466445397304
49.4 86 -1.3194220936641 0.50472029815625
49.5 86 -1.3194220938811 0.50477550254931
49.6 86 -1.3194220940984 0.50483007847135
49.7 86 -1.3194220943159 0.50488402787153
49.8 86 -1.3194220943909 0.50493734379073
49.9 86 -1.3194220944651 0.5049900119207
50 86 -1.3194220945385 0.50504201061907
50.1 89 -1.3194220946036 0.50509331202167
50.2 89 -1.3194220946751 0.50514388288801
50.3 89 -1.3194220947457 0.50519368552289
50.4 89 -1.3194220948152 0.50524267865217
50.5 89 -1.3194220948838 0.50529081834129
50.6 89 -1.3194220949513 0.5053380589047
50.7 89 -1.3194220950178 0.50538435380971
50.8 89 -1.3194220950833 0.50542965656815
50.9 89 -1.3194220951477 0.50547392160937
51 89 -1.3194220952111 0.50551710512848
51.1 91 -1.3194220952723 0.50555916595906
51.2 91 -1.3194220953336 0.50560006615053
51.3 91 -1.319422095394 0.505639771986
51.4 91 -1.3194220954535 0.50567825450595
51.5 91 -1.3194220955122 0.50571549018606
51.6 91 -1.31942209557 0.50575146152093
51.7 91 -1.3194220956271 0.5057861575476
51.8 91 -1.3194220956836 0.50581957430537
51.9 91 -1.3194220957396 0.50585171522865
52 91 -1.3194220957953 0.50588259147035
52.1 93 -1.3194220958567 0.50591222222633
52.2 93 -1.3194220959119 0.50594063463268
52.3 93 -1.3194220959671 0.50596786427782
52.4 93 -1.3194220960225 0.5059939549696
52.5 93 -1.3194220960781 0.50601895875278
52.6 93 -1.3194220961341 0.5060429357889
52.7 93 -1.3194220961906 0.50606595416276
52.8 93 -1.3194220962478 0.50608808961678
52.9 93 -1.3194220963056 0.50610942521542
53 93 -1.3194220963643 0.50613005094199
53.1 95 -1.3194220964306 0.50615006329464
53.2 95 -1.319422096491 0.50616956451224
53.3 95 -1.3194220965523 0.50618866233968
53.4 95 -1.3194220966145 0.50620746916508
53.5 95 -1.3194220966776 0.50622610138376
53.6 95 -1.3194220967417 0.50624467866599
53.7 95 -1.3194220968067 0.50626332318598
53.8 95 -1.3194220968726 0.50628215881759
53.9 95 -1.3194220969393 0.50630131030241
54 95 -1.3194220970069 0.50632090239602
54.1 96 -1.319422097077 0.50634105898551
54.2 96 -1.3194220971462 0.50636190226937
54.3 96 -1.3194220972162 0.50638355177426
54.4 96 -1.3194220972868 0.50640612354877
54.5 96 -1.3194220973582 0.50642972927139
54.6 96 -1.3194220974303 0.50645447539325
54.7 96 -1.3194220975031 0.50648046230161
54.8 96 -1.3194220975766 0.50650778350982
54.9 96 -1.3194220976507 0.50653652487938
55 96 -1.3194220977255 0.50656676387959
55.1 98 -1.3194220977984 0.5065985687063
55.2 98 -1.3194220978746 0.50663199836411
55.3 98 -1.3194220979514 0.50666710097309
55.4 98 -1.3194220980289 0.50670391395386
55.5 98 -1.3194220981888 0.50674246348207
55.6 98 -1.3194220984292 0.50678276385666
55.7 98 -1.3194220986665 0.5068248171232
55.8 98 -1.3194220989013 0.50686861301499
55.9 98 -1.3194220991342 0.50691412864013
56 98 -1.3194220993658 0.50696132834318
56.1 100 -1.3194220995262 0.50701016314372
56.2 100 -1.319422099765 0.50706057278374
56.3 100 -1.3194221000042 0.50711248268379
56.4 100 -1.3194221002447 0.50716580623924
56.5 100 -1.3194221004873 0.50722044450758
56.6 100 -1.3194221007327 0.50727628651511
56.7 100 -1.3194221009816 0.5073332096345
56.8 100 -1.3194221012346 0.50739108003128
56.9 100 -1.3194221014102 0.50744975289463
57 100 -1.3194221015063 0.50750907356184
57.1 101 -1.3194221015976 0.50756887771676
57.2 101 -1.3194221016954 0.50762899339603
57.3 101 -1.3194221017938 0.50768923914498
57.4 101 -1.319422101893 0.50774942674394
57.5 101 -1.3194221019929 0.50780936155367
57.6 101 -1.3194221020934 0.50786884338774
57.7 101 -1.3194221021946 0.50792766741781
57.8 101 -1.3194221022964 0.50798562510647
57.9 101 -1.3194221023988 0.50804250516201
58 101 -1.3194221025016 0.50809809450947
58.1 104 -1.3194221026295 0.50815217850203
58.2 104 -1.3194221027642 0.50820454485781
58.3 104 -1.3194221028994 0.50825498042895
58.4 104 -1.3194221030351 0.5083032748395
58.5 104 -1.3194221031712 0.508349220834
58.6 104 -1.3194221033078 0.50839261522484
58.7 104 -1.3194221034446 0.50843325981799
58.8 104 -1.3194221035818 0.50847096231084
58.9 104 -1.3194221037191 0.50850553715685
59 104 -1.3194221038567 0.50853680639221
59.1 106 -1.3194221039911 0.50856459974204
59.2 106 -1.319422104129 0.50858875806975
59.3 106 -1.3194221042669 0.50860912999499
59.4 106 -1.3194221044049 0.50862557523909
59.5 106 -1.3194221045429 0.50863796452165
59.6 106 -1.319422104681 0.50864618007518
59.7 106 -1.3194221048192 0.50865011609704
59.8 106 -1.3194221049574 0.50864967913665
59.9 106 -1.3194221050958 0.50864478841616
60 106 -1.3194221052343 0.50863537608359
60.1 108 -1.3194221053722 0.50862138665464
60.2 108 -1.3194221055111 0.50860278011554
60.3 108 -1.3194221056503 0.50857952746649
60.4 108 -1.3194221057898 0.50855161371763
60.5 108 -1.3194221059298 0.50851903704222
60.6 108 -1.3194221060703 0.50848180862149
60.7 108 -1.3194221062113 0.50843995242498
60.8 108 -1.319422106353 0.50839350492815
60.9 108 -1.3194221064954 0.50834251476978
61 108 -1.3194221066386 0.50828704235174
61.1 109 -1.3194221067857 0.50822715851913
61.2 109 -1.3194221069341 0.50816294746935
61.3 109 -1.3194221070833 0.50809450113966
61.4 109 -1.3194221072336 0.50802192194335
61.5 109 -1.3194221073848 0.50794532130487
61.6 109 -1.319422107537 0.50786481898724
61.7 109 -1.3194221076902 0.50778054238718
61.8 109 -1.3194221078445 0.50769262580307
61.9 109 -1.3194221079997 0.50760120968029
62 109 -1.319422108156 0.50750643983888
62.1 110 -1.3194221083157 0.50740846573869
62.2 110 -1.3194221084745 0.50730744349234
62.3 110 -1.3194221086342 0.50720352934023
62.4 110 -1.3194221087948 0.50709688268236
62.5 110 -1.3194221089563 0.50698766432575
62.6 110 -1.3194221091186 0.50687603570186
62.7 110 -1.3194221092816 0.50676215809771
