0 52 -1.8643083982774 0.99994145770823
0.1 61 -1.8643084309091 0.99988116820987
0.2 61 -1.864308430926 0.99970043181967
0.3 61 -1.8643084309638 0.99939964393467
0.4 61 -1.8643084310505 0.99897946088263
0.5 61 -1.8643084310973 0.99844079583102
0.6 61 -1.8643084311921 0.99778481303969
0.7 61 -1.8643084312093 0.99701292058022
0.8 61 -1.8643084312358 0.99612676147776
0.9 61 -1.8643084312756 0.99512820353459
1 61 -1.8643084313333 0.99401932782551
1.1 70 -1.8643084314145 0.99280241605139
1.2 70 -1.8643084315251 0.99147993672567
1.3 70 -1.8643084316721 0.99005453045332
1.4 70 -1.8643084317456 0.98852899428484
1.5 70 -1.864308431748 0.98690626531027
1.6 70 -1.8643084317503 0.98518940391394
1.7 70 -1.8643084317526 0.98338157662703
1.8 70 -1.864308431755 0.98148603863699
1.9 70 -1.8643084317574 0.97950611620922
2 70 -1.8643084317598 0.9774451891373
2.1 83 -1.8643084317626 0.97530667420576
2.2 83 -1.8643084317654 0.97309400633164
2.3 83 -1.8643084317682 0.97081062335987
2.4 83 -1.8643084317709 0.96845994922975
2.5 83 -1.8643084317737 0.96604537837138
2.6 83 -1.8643084317765 0.9635702608495
2.7 83 -1.8643084317792 0.96103788831731
2.8 83 -1.864308431782 0.95845148085713
2.9 83 -1.8643084317848 0.9558141747746
3 83 -1.8643084317876 0.95312901140316
3.1 94 -1.8643084317906 0.95039892763495
3.2 94 -1.8643084317935 0.94762674464422
3.3 94 -1.8643084317964 0.94481516271657
3.4 94 -1.8643084317993 0.94196675296057
3.5 94 -1.8643084318021 0.93908395195953
3.6 94 -1.864308431805 0.93616905727366
3.7 94 -1.8643084318079 0.93322422408068
3.8 94 -1.8643084318108 0.9302514629391
3.9 94 -1.8643084318137 0.92725263865181
4 94 -1.8643084318166 0.92422947020155
4.1 103 -1.8643084318197 0.92118353261065
4.2 103 -1.8643084318226 0.9181162555705
4.3 103 -1.8643084318255 0.91502893111244
4.4 103 -1.8643084318284 0.91192271442141
4.5 103 -1.8643084318313 0.90879862923577
4.6 103 -1.8643084318343 0.90565757332179
4.7 103 -1.8643084318372 0.90250032468318
4.8 103 -1.8643084318401 0.89932754844337
4.9 103 -1.8643084318431 0.89613980433543
5 103 -1.864308431846 0.89293755473198
5.1 114 -1.8643084318491 0.88972117450919
5.2 114 -1.8643084318521 0.88649095466032
5.3 114 -1.864308431855 0.88324711924456
5.4 114 -1.8643084318579 0.87998982983575
5.5 114 -1.8643084318608 0.87671919640637
5.6 114 -1.8643084318637 0.87343528708767
5.7 114 -1.8643084318666 0.87013813795512
5.8 114 -1.8643084318695 0.86682776276491
5.9 114 -1.8643084318724 0.86350416256713
6 114 -1.8643084318754 0.86016733512218
6.1 124 -1.8643084318785 0.85681728606612
6.2 124 -1.8643084318815 0.85345402982224
6.3 124 -1.8643084318844 0.85007760961695
6.4 124 -1.8643084318873 0.84668809782104
6.5 124 -1.8643084318902 0.84328560522118
6.6 124 -1.8643084318931 0.83987028784443
6.7 124 -1.8643084318961 0.8364423531482
6.8 124 -1.864308431899 0.83300206553098
6.9 124 -1.8643084319019 0.82954975112458
7 124 -1.8643084319048 0.82608580183525
7.1 135 -1.864308431908 0.82261068105614
7.2 135 -1.8643084319109 0.8191249165308
7.3 135 -1.8643084319139 0.81562911613434
7.4 135 -1.8643084319168 0.81212395948914
7.5 135 -1.8643084319197 0.80861020026351
7.6 135 -1.8643084319226 0.80508866540705
7.7 135 -1.8643084319255 0.80156025360324
7.8 135 -1.8643084319285 0.79802593296345
7.9 135 -1.8643084319314 0.79448673799341
8 135 -1.8643084319343 0.7909437658694
8.1 145 -1.8643084319375 0.7873981743991
8.2 145 -1.8643084319404 0.7838511676813
8.3 145 -1.8643084319433 0.7803040046873
8.4 145 -1.8643084319463 0.77675798386176
8.5 145 -1.8643084319492 0.77321443903646
8.6 145 -1.8643084319521 0.76967473262903
8.7 145 -1.864308431955 0.76614024850649
8.8 145 -1.8643084319579 0.76261238456659
8.9 145 -1.8643084319608 0.75909254514845
9 145 -1.8643084319638 0.75558213340664
9.1 156 -1.864308431967 0.75208254537526
9.2 156 -1.8643084319699 0.74859515555775
9.3 156 -1.8643084319729 0.7451213195926
9.4 156 -1.8643084319758 0.74166235991736
9.5 156 -1.8643084319788 0.7382195602057
9.6 156 -1.8643084319818 0.73479415832822
9.7 156 -1.8643084319847 0.73138733960383
9.8 156 -1.8643084319877 0.72800023038582
9.9 156 -1.8643084319907 0.7246338920224
10 156 -1.8643084319936 0.72128931522767
10.1 165 -1.8643084319969 0.71796741551666
10.2 165 -1.8643084319999 0.7146690260518
10.3 165 -1.8643084320029 0.71139489698979
10.4 165 -1.8643084320059 0.70814568948239
10.5 165 -1.8643084320089 0.70492197306113
10.6 165 -1.8643084320119 0.70172422303046
10.7 165 -1.8643084320149 0.6985528184266
10.8 165 -1.8643084320179 0.69540804055325
10.9 165 -1.8643084320209 0.69229007210237
11 165 -1.8643084320239 0.68919899686531
11.1 174 -1.8643084320271 0.6861348000654
11.2 174 -1.8643084320301 0.68309736959681
11.3 174 -1.8643084320331 0.68008649631686
11.4 174 -1.8643084320361 0.67710187739771
11.5 174 -1.8643084320391 0.67414311854608
11.6 174 -1.8643084320421 0.67120973724199
11.7 174 -1.8643084320451 0.66830116653843
11.8 174 -1.864308432048 0.66541675940816
11.9 174 -1.864308432051 0.66255579362067
12 174 -1.864308432054 0.65971747712822
12.1 185 -1.8643084320572 0.65690095359557
12.2 185 -1.8643084320602 0.65410531031214
12.3 185 -1.8643084320632 0.65132958223326
12.4 185 -1.8643084320662 0.64857276116244
12.5 185 -1.8643084320691 0.64583380266832
12.6 185 -1.8643084320721 0.64311163388375
12.7 185 -1.8643084320751 0.64040516156034
12.8 185 -1.864308432078 0.6377132803277
12.9 185 -1.864308432081 0.63503488110192
13 185 -1.864308432084 0.6323688595844
13.1 197 -1.8643084320871 0.62971412486503
13.2 197 -1.8643084320901 0.62706960778536
13.3 197 -1.864308432093 0.62443426926954
13.4 197 -1.8643084320959 0.62180710873664
13.5 197 -1.8643084320988 0.61918717199435
13.6 197 -1.8643084321017 0.61657355891215
13.7 197 -1.8643084321047 0.61396543072133
13.8 197 -1.8643084321076 0.61136201687681
13.9 197 -1.8643084321105 0.60876262141893
14 197 -1.8643084321134 0.60616662877688
14.1 210 -1.8643084321165 0.60357350942588
14.2 210 -1.8643084321194 0.60098282280314
14.3 210 -1.8643084321223 0.5983942231916
14.4 210 -1.8643084321252 0.59580746168733
14.5 210 -1.8643084321281 0.59322238874129
14.6 210 -1.864308432131 0.5906389557013
14.7 210 -1.8643084321339 0.58805721555651
14.8 210 -1.8643084321368 0.58547732288229
14.9 210 -1.8643084321396 0.582899532992
15 210 -1.8643084321425 0.58032420031069
15.1 220 -1.8643084321456 0.57775177581757
15.2 220 -1.8643084321485 0.57518280471076
15.3 220 -1.8643084321513 0.57261792135507
15.4 220 -1.8643084321542 0.57005784575948
15.5 220 -1.864308432157 0.56750337830019
15.6 220 -1.8643084321599 0.5649553941547
15.7 220 -1.8643084321628 0.56241483726138
15.8 220 -1.8643084321656 0.55988271387075
15.9 220 -1.8643084321685 0.55736008575674
16 220 -1.8643084321713 0.55484806315766
16.1 230 -1.8643084321745 0.55234779627351
16.2 230 -1.8643084321774 0.54986047285889
16.3 230 -1.8643084321802 0.54738730328108
16.4 230 -1.8643084321831 0.54492951805837
16.5 230 -1.864308432186 0.54248835923688
16.6 230 -1.8643084321888 0.54006507312645
16.7 230 -1.8643084321917 0.5376609032166
16.8 230 -1.8643084321946 0.53527708332016
16.9 230 -1.8643084321975 0.53291483098795
17 230 -1.8643084322003 0.53057534123216
17.1 240 -1.8643084322036 0.52825977789431
17.2 240 -1.8643084322064 0.52596927874335
17.3 240 -1.8643084323258 0.5237049369765
17.4 240 -1.8643084324406 0.52146779931237
17.5 240 -1.8643084325514 0.51925886664289
17.6 240 -1.8643084326586 0.51707908752681
17.7 240 -1.8643084327626 0.51492935464345
17.8 240 -1.8643084328635 0.51281050165125
17.9 240 -1.8643084329613 0.5107233004424
18 240 -1.8643084330561 0.50866845878561
18.1 250 -1.8643084331479 0.50664661526082
18.2 250 -1.8643084332361 0.50465835005897
18.3 250 -1.8643084333209 0.50270416504772
18.4 250 -1.864308433402 0.50078449537632
18.5 250 -1.8643084334795 0.49889970573496
18.6 250 -1.8643084335533 0.49705009006042
18.7 250 -1.8643084336238 0.49523587153566
18.8 250 -1.8643084336913 0.49345720287238
18.9 250 -1.8643084337564 0.49171416686686
19 250 -1.8643084338201 0.4900067772207
19.1 261 -1.8643084338834 0.48833497660128
19.2 261 -1.8643084339469 0.48669865016605
19.3 261 -1.8643084340119 0.4850976086827
19.4 261 -1.8643084340795 0.48353160275983
19.5 261 -1.8643084341506 0.48200032179148
19.6 261 -1.8643084342263 0.48050339626113
19.7 261 -1.8643084343072 0.4790404002843
19.8 261 -1.8643084343941 0.47761085438568
19.9 261 -1.8643084344876 0.47621422850665
20 261 -1.8643084345879 0.47484994523732
20.1 272 -1.8643084346958 0.47351738065834
20.2 272 -1.8643084348109 0.47221587873659
20.3 272 -1.8643084349337 0.47094473864086
20.4 272 -1.8643084350639 0.46970323006147
20.5 272 -1.8643084352017 0.46849059452901
20.6 272 -1.8643084353468 0.46730604975274
20.7 272 -1.8643084354989 0.4661487940797
20.8 272 -1.8643084355019 0.46501800806207
20.9 272 -1.864308435505 0.46391286787155
21 272 -1.864308435508 0.46283254130471
21.1 283 -1.8643084355113 0.46177619268394
21.2 283 -1.8643084355143 0.46074299783715
21.3 283 -1.8643084355174 0.45973213300732
21.4 283 -1.8643084355204 0.45874278972756
21.5 283 -1.8643084355234 0.45777417647542
21.6 283 -1.8643084355264 0.4568255227565
21.7 283 -1.8643084355294 0.45589608296347
21.8 283 -1.8643084355324 0.45498513997472
21.9 283 -1.8643084355354 0.45409200845947
22 283 -1.8643084355384 0.45321603785842
22.1 294 -1.8643084355417 0.45235661246143
22.2 294 -1.8643084355447 0.45151316409638
22.3 294 -1.8643084355476 0.45068515801683
22.4 294 -1.8643084355506 0.44987210517827
22.5 294 -1.8643084355535 0.44907356051963
22.6 294 -1.86430843569 0.44828912882424
22.7 294 -1.864308435817 0.4475184488601
22.8 294 -1.8643084359344 0.44676120933257
22.9 294 -1.8643084360423 0.44601714275694
23 294 -1.864308436141 0.44528602437587
23.1 303 -1.8643084362311 0.44456766800391
23.2 303 -1.8643084363129 0.44386193535928
23.3 303 -1.8643084363876 0.44316871648201
23.4 303 -1.8643084364561 0.44248793923969
23.5 303 -1.8643084365196 0.44181956343385
23.6 303 -1.8643084365789 0.44116357775559
23.7 303 -1.864308436635 0.44051999652034
23.8 303 -1.8643084366885 0.43988885621767
23.9 303 -1.8643084367401 0.439270211913
24 303 -1.8643084367904 0.43866413353808
24.1 312 -1.86430843684 0.43807069859923
24.2 312 -1.864308436889 0.43749000266975
24.3 312 -1.8643084369387 0.43692213367357
24.4 312 -1.8643084369901 0.43636718295237
24.5 312 -1.8643084370444 0.43582523774718
24.6 312 -1.864308437103 0.43529637755328
24.7 312 -1.8643084371668 0.43478067059774
24.8 312 -1.8643084372367 0.43427817046791
24.9 312 -1.8643084373132 0.43378891291813
25 312 -1.8643084373964 0.43331291287973
25.1 321 -1.8643084374865 0.43285015781542
25.2 321 -1.8643084375828 0.43240062074696
25.3 321 -1.8643084376856 0.43196423467587
25.4 321 -1.8643084377946 0.43154090615153
25.5 321 -1.8643084377975 0.4311305064814
25.6 321 -1.8643084378004 0.43073288001115
25.7 321 -1.8643084378034 0.43034783354837
25.8 321 -1.8643084378063 0.42997513877056
25.9 321 -1.8643084378093 0.42961453184905
26 321 -1.8643084378122 0.4292657134204
26.1 331 -1.8643084378154 0.42892834525911
26.2 331 -1.8643084378183 0.42860206590752
26.3 331 -1.8643084378213 0.42828646875262
26.4 331 -1.8643084378242 0.42798111909135
26.5 331 -1.8643084378271 0.42768555185179
26.6 331 -1.8643084378301 0.42739927368074
26.7 331 -1.864308437833 0.42712176536386
26.8 331 -1.8643084378359 0.42685248456697
26.9 331 -1.8643084378389 0.42659086888265
27 331 -1.8643084378418 0.42633633916281
27.1 341 -1.8643084378451 0.4260882998326
27.2 341 -1.864308437848 0.42584615603866
27.3 341 -1.8643084378509 0.4256092974271
27.4 341 -1.8643084378539 0.425377116063
27.5 341 -1.8643084378568 0.42514900729851
27.6 341 -1.8643084378598 0.42492437422109
27.7 341 -1.8643084378627 0.42470263215546
27.8 341 -1.8643084378657 0.42448321317518
27.9 341 -1.8643084378687 0.424265570577
28 341 -1.8643084378717 0.42404918326974
28.1 351 -1.864308437875 0.4238335575885
28.2 351 -1.864308437878 0.42361824138251
28.3 351 -1.864308437881 0.42340281245002
28.4 351 -1.864308437884 0.42318689261367
28.5 351 -1.8643084378871 0.42297014826586
28.6 351 -1.8643084378902 0.4227522932386
28.7 351 -1.8643084378932 0.42253309126988
28.8 351 -1.8643084378963 0.4223123580331
28.9 351 -1.8643084378993 0.42208996270109
29 351 -1.8643084379024 0.4218658290224
29.1 363 -1.8643084379057 0.42163993462377
29.2 363 -1.8643084379087 0.42141231626501
29.3 363 -1.8643084379118 0.42118306140168
29.4 363 -1.8643084379148 0.42095231265672
29.5 363 -1.8643084379178 0.42072026495041
29.6 363 -1.8643084379208 0.42048716354439
29.7 363 -1.8643084379238 0.42025330162684
29.8 363 -1.8643084379268 0.42001901747176
29.9 363 -1.8643084379298 0.41978469121046
30 363 -1.8643084379328 0.41955074125818
30.1 374 -1.864308437936 0.41931761937216
30.2 374 -1.864308437939 0.41908581082277
30.3 374 -1.864308437942 0.41885582364741
30.4 374 -1.8643084379449 0.4186281885095
30.5 374 -1.8643084379479 0.41840345310099
30.6 374 -1.8643084379509 0.41818217760758
30.7 374 -1.8643084379538 0.41796493021238
30.8 374 -1.8643084379568 0.41775228269381
30.9 374 -1.8643084379598 0.41754480617053
31 374 -1.8643084379627 0.41734306704181
31.1 385 -1.864308437966 0.41714762224808
31.2 385 -1.8643084379689 0.41695901948548
31.3 385 -1.8643084380687 0.41677779049626
31.4 385 -1.8643084381628 0.41660444510515
31.5 385 -1.8643084382521 0.41643947482813
31.6 385 -1.8643084383377 0.41628334826758
31.7 385 -1.8643084384204 0.41613650931333
31.8 385 -1.8643084385015 0.41599937571419
31.9 385 -1.8643084385819 0.41587233801207
32 385 -1.8643084386624 0.41575575882439
32.1 396 -1.8643084387443 0.41564997098636
32.2 396 -1.8643084388277 0.41555528339827
32.3 396 -1.8643084389135 0.41547197220343
32.4 396 -1.8643084390022 0.41540028730227
32.5 396 -1.8643084390942 0.41534045145147
32.6 396 -1.8643084391899 0.41529266108362
32.7 396 -1.8643084391926 0.4152570862233
32.8 396 -1.8643084391954 0.41523387474575
32.9 396 -1.8643084391981 0.41522315016949
33 396 -1.8643084392009 0.41522501391094
33.1 408 -1.8643084392039 0.41523954393081
33.2 408 -1.8643084392067 0.41526680572487
33.3 408 -1.8643084392094 0.41530683828398
33.4 408 -1.8643084392121 0.41535966512297
33.5 408 -1.8643084392148 0.41542529254556
33.6 408 -1.8643084392176 0.41550371034925
33.7 408 -1.864308439276 0.41559489294537
33.8 408 -1.8643084393867 0.41569879863173
33.9 408 -1.8643084394908 0.41581537012148
34 408 -1.8643084395887 0.41594453595321
34.1 421 -1.864308439635 0.41608620629695
34.2 421 -1.8643084397214 0.41624028776703
34.3 421 -1.8643084398029 0.41640666138715
34.4 421 -1.864308439935 0.41658519714547
34.5 421 -1.8643084401167 0.41677575036164
34.6 421 -1.864308440292 0.41697816178002
34.7 421 -1.8643084404615 0.41719225739985
34.8 421 -1.8643084406263 0.41741784853752
34.9 421 -1.8643084407869 0.41765473193653
35 421 -1.8643084409442 0.41790268997228
35.1 433 -1.8643084410225 0.41816148815782
35.2 433 -1.8643084411746 0.41843088703209
35.3 433 -1.8643084413248 0.41871062531027
35.4 433 -1.8643084414735 0.41900043241791
35.5 433 -1.864308441621 0.41930002639245
35.6 433 -1.8643084417674 0.41960911492942
35.7 433 -1.864308441913 0.41992739658032
35.8 433 -1.8643084420577 0.42025456209537
35.9 433 -1.8643084422017 0.42059029590044
36 433 -1.8643084423449 0.4209342776944
36.1 445 -1.8643084424177 0.42128618167542
36.2 445 -1.8643084425593 0.42164568831559
36.3 445 -1.8643084426999 0.4220124710855
36.4 445 -1.8643084428395 0.42238620850691
36.5 445 -1.8643084429778 0.42276658348773
36.6 445 -1.8643084431146 0.4231532852089
36.7 445 -1.8643084432498 0.42354601097409
36.8 445 -1.8643084433831 0.42394446799734
36.9 445 -1.8643084435142 0.4243483751046
37 445 -1.8643084436429 0.4247574643263
37.1 456 -1.864308443707 0.42517148067145
37.2 456 -1.8643084438773 0.42559019053896
37.3 456 -1.8643084440904 0.42601337172479
37.4 456 -1.8643084442982 0.42644082209123
37.5 456 -1.8643084445008 0.42687235841312
37.6 456 -1.8643084446982 0.42730781691948
37.7 456 -1.8643084448907 0.42774705366998
37.8 456 -1.8643084450785 0.42818994472587
37.9 456 -1.864308445262 0.42863638611604
38 456 -1.8643084454415 0.42908629360111
38.1 467 -1.8643084455304 0.4295396009675
38.2 467 -1.8643084457035 0.42999626468661
38.3 467 -1.8643084460584 0.43045626127991
38.4 467 -1.864308446402 0.43091957269741
38.5 467 -1.8643084467361 0.43138620322597
38.6 467 -1.8643084470626 0.43185617164515
38.7 467 -1.8643084473836 0.43232950981226
38.8 467 -1.864308447701 0.43280626112605
38.9 467 -1.8643084480166 0.433286478883
39 467 -1.8643084483324 0.43377022453973
39.1 479 -1.8643084485683 0.43425756488805
39.2 479 -1.8643084488886 0.43474857431965
39.3 479 -1.8643084492129 0.43524332647933
39.4 479 -1.8643084495419 0.43574189669096
39.5 479 -1.8643084498761 0.43624435881675
39.6 479 -1.8643084502158 0.43675078323923
39.7 479 -1.8643084503947 0.43726122919834
39.8 479 -1.8643084505772 0.43777575974722
39.9 479 -1.864308450764 0.43829442279229
40 479 -1.8643084509558 0.43881725480602
40.1 491 -1.8643084510581 0.4393442782644
40.2 491 -1.8643084512629 0.43987550262397
40.3 491 -1.8643084514759 0.44041091819704
40.4 491 -1.8643084516494 0.44095049755239
40.5 491 -1.8643084517824 0.44149419323396
40.6 491 -1.864308451923 0.44204193623238
40.7 491 -1.864308452072 0.44259363482418
40.8 491 -1.86430845223 0.44314917346521
40.9 491 -1.8643084524665 0.44370841636391
41 491 -1.864308452653 0.44427119319758
41.1 503 -1.8643084527947 0.44483731170389
41.2 503 -1.8643084529704 0.44540655513585
41.3 503 -1.8643084531407 0.44597867877596
41.4 503 -1.8643084532564 0.44655341250059
41.5 503 -1.8643084533154 0.4471304607527
41.6 503 -1.8643084533654 0.44770950319337
41.7 503 -1.8643084534072 0.44829019585037
41.8 503 -1.8643084534419 0.44887217244026
41.9 503 -1.8643084534706 0.44945504599485
42 503 -1.8643084534946 0.45003841076618
42.1 511 -1.8643084535155 0.45062184451955
42.2 511 -1.8643084535339 0.45120491049574
42.3 511 -1.8643084535512 0.45178716062004
42.4 511 -1.8643084535685 0.45236813799912
42.5 511 -1.8643084535867 0.45294738002818
42.6 511 -1.8643084536067 0.45352442162099
42.7 511 -1.8643084536292 0.45409879857323
42.8 511 -1.8643084536547 0.45467005101131
42.9 511 -1.8643084536834 0.45523772688821
43 511 -1.8643084537155 0.45580138549002
43.1 512 -1.864308453751 0.45636060188949
43.2 512 -1.8643084537893 0.45691496645512
43.3 512 -1.8643084538301 0.45746409400608
43.4 512 -1.8643084538728 0.45800762306654
43.5 512 -1.8643084539725 0.4585452206924
43.6 512 -1.8643084541277 0.45907658334811
43.7 512 -1.8643084542814 0.45960143956863
43.8 512 -1.8643084544334 0.46011955381527
43.9 512 -1.8643084545835 0.46063072748277
44 512 -1.8643084547316 0.46113480043682
44.1 512 -1.8643084548256 0.46163165276372
44.2 512 -1.86430845497 0.46212120336788
44.3 512 -1.8643084551127 0.46260341362533
44.4 512 -1.8643084552542 0.46307828535432
44.5 512 -1.8643084553948 0.4635458609868
44.6 512 -1.864308455535 0.46400622287061
44.7 512 -1.864308455675 0.46445949221429
44.8 512 -1.8643084558153 0.46490582769361
44.9 512 -1.8643084559564 0.46534542374303
45 512 -1.8643084560402 0.46577850761329
45.1 512 -1.8643084560662 0.46620534102329
45.2 512 -1.8643084560915 0.46662620987307
45.3 512 -1.8643084561164 0.46704143114634
45.4 512 -1.8643084561411 0.46745134344617
45.5 512 -1.864308456166 0.46785630593176
45.6 512 -1.8643084561912 0.46825669527286
45.7 512 -1.8643084562169 0.46865290254773
45.8 512 -1.8643084562433 0.46904533011756
45.9 512 -1.8643084562705 0.46943438850694
46 512 -1.8643084562986 0.46982049331804
46.1 512 -1.864308456328 0.47020406421572
46.2 512 -1.8643084563581 0.47058551395546
46.3 512 -1.8643084563894 0.4709652575108
46.4 512 -1.8643084564218 0.47134370140048
46.5 512 -1.8643084564552 0.47172124303642
46.6 512 -1.8643084564897 0.47209826824099
46.7 512 -1.8643084565251 0.472475148898
46.8 512 -1.8643084565613 0.47285224073945
46.9 512 -1.8643084565982 0.47322988126657
47 512 -1.8643084566356 0.47360838780191
47.1 512 -1.8643084567272 0.47398805761838
47.2 512 -1.8643084568698 0.47436915886481
47.3 512 -1.8643084570592 0.47475193942613
47.4 512 -1.8643084572919 0.47513661874924
47.5 512 -1.8643084575125 0.47552338803055
47.6 512 -1.8643084577206 0.4759124092829
47.7 512 -1.8643084579159 0.47630381391135
47.8 512 -1.8643084581475 0.4766977017202
47.9 512 -1.8643084584126 0.47709413963759
48 512 -1.8643084586603 0.47749316099511
48.1 512 -1.8643084587885 0.47789476584704
48.2 512 -1.8643084590071 0.47829891626106
48.3 512 -1.8643084592149 0.47870554148432
48.4 512 -1.8643084594148 0.47911453379471
48.5 512 -1.8643084596098 0.47952574911834
48.6 512 -1.8643084598028 0.47993900690758
48.7 512 -1.8643084599963 0.48035409019856
48.8 512 -1.8643084601925 0.4807707458664
48.9 512 -1.8643084603929 0.48118868509643
49 512 -1.8643084605985 0.48160758408929
49.1 512 -1.8643084607089 0.48202708563171
49.2 512 -1.8643084609267 0.48244679799572
49.3 512 -1.8643084611508 0.48286629966712
49.4 512 -1.8643084613813 0.48328513908563
49.5 512 -1.8643084616178 0.48370283713984
49.6 512 -1.8643084618599 0.48411888947881
49.7 512 -1.8643084620495 0.48453276824242
49.8 512 -1.8643084621853 0.48494392663327
49.9 512 -1.8643084623234 0.48535180196859
50 512 -1.8643084624634 0.48575581742247
50.1 512 -1.8643084625928 0.48615538548038
50.2 512 -1.8643084627932 0.48654991652421
50.3 512 -1.8643084630514 0.48693881468866
50.4 512 -1.8643084633083 0.48732148595915
50.5 512 -1.8643084635633 0.48769734332308
50.6 512 -1.8643084638159 0.48806580982902
50.7 512 -1.8643084640658 0.48842632269199
50.8 512 -1.8643084643132 0.48877833734049
50.9 512 -1.8643084645585 0.48912133135922
51 512 -1.8643084648025 0.48945480828113
51.1 512 -1.8643084649903 0.48977829896971
51.2 512 -1.8643084652354 0.49009137402275
51.3 512 -1.8643084654834 0.4903936329997
51.4 512 -1.8643084657365 0.49068471662001
51.5 512 -1.8643084659966 0.49096430677185
51.6 512 -1.8643084662659 0.49123212856025
51.7 512 -1.8643084665465 0.49148795195828
51.8 512 -1.8643084668401 0.49173159304466
51.9 512 -1.8643084670874 0.4919629133741
52 512 -1.8643084672863 0.49218182327117
52.1 512 -1.8643084674638 0.49238828091613
52.2 512 -1.8643084676832 0.49258229237118
52.3 512 -1.8643084678569 0.49276390531842
52.4 512 -1.864308467981 0.49293321469693
52.5 512 -1.8643084681073 0.49309036006981
52.6 512 -1.8643084681767 0.49323551868061
52.7 512 -1.8643084681867 0.49336890831183
52.8 512 -1.8643084681942 0.49349078467498
52.9 512 -1.8643084682015 0.4936014353103
53 512 -1.8643084682113 0.49370117848039
53.1 512 -1.8643084682793 0.49379036281406
53.2 512 -1.8643084683015 0.49386935331182
53.3 512 -1.8643084683332 0.49393854419165
53.4 512 -1.864308468377 0.49399834501099
53.5 512 -1.8643084684359 0.49404918018275
53.6 512 -1.8643084685128 0.49409148589189
53.7 512 -1.864308468611 0.49412570711211
53.8 512 -1.8643084686138 0.494152291024
53.9 512 -1.8643084686789 0.4941716963485
54 512 -1.8643084688043 0.49418437800934
54.1 512 -1.864308468866 0.49419079090517
54.2 512 -1.8643084689834 0.49419137967114
54.3 512 -1.8643084690965 0.49418659151846
54.4 512 -1.8643084692051 0.49417686405602
54.5 512 -1.864308469309 0.49416262661848
54.6 512 -1.8643084694711 0.49414429999783
54.7 512 -1.8643084696891 0.49412229391579
54.8 512 -1.8643084698987 0.49409700648835
54.9 512 -1.8643084701001 0.49406882548708
55 512 -1.8643084702936 0.49403812729561
55.1 512 -1.8643084703866 0.49400527840693
55.2 512 -1.8643084705657 0.49397062960744
55.3 512 -1.8643084707384 0.49393452531885
55.4 512 -1.8643084709052 0.49389729803454
55.5 512 -1.8643084710669 0.49385927040532
55.6 512 -1.8643084712241 0.49382075590593
55.7 512 -1.8643084713776 0.4937820595731
55.8 512 -1.864308471528 0.49374347879476
55.9 512 -1.8643084716762 0.49370530413069
56 512 -1.864308471823 0.49366782014546
56.1 512 -1.8643084718979 0.49363130787137
56.2 512 -1.8643084720445 0.49359603909376
56.3 512 -1.8643084721922 0.49356228685426
56.4 512 -1.864308472342 0.49353031969885
56.5 512 -1.8643084724947 0.49350040392546
56.6 512 -1.8643084726514 0.49347280414444
56.7 512 -1.8643084728127 0.49344778374457
56.8 512 -1.8643084729796 0.49342560525388
56.9 512 -1.8643084731529 0.49340653058501
57 512 -1.8643084733334 0.49339082115595
57.1 512 -1.8643084734315 0.49337873950417
57.2 512 -1.8643084736286 0.49337054260224
57.3 512 -1.8643084737655 0.49336649153248
57.4 512 -1.8643084738397 0.49336684422427
57.5 512 -1.8643084739177 0.49337185644775
57.6 512 -1.8643084739999 0.49338178130036
57.7 512 -1.8643084740864 0.49339686818448
57.8 512 -1.8643084741774 0.49341736173353
57.9 512 -1.8643084742732 0.49344350058768
58 512 -1.864308474374 0.4934755160252
58.1 512 -1.86430847443 0.49351363232632
58.2 512 -1.8643084745412 0.49355805762
58.3 512 -1.8643084746578 0.49360899350116
58.4 512 -1.8643084747799 0.49366662556066
58.5 512 -1.8643084749076 0.49373112338238
58.6 512 -1.864308475041 0.49380263855699
58.7 512 -1.8643084751802 0.4938813026603
58.8 512 -1.8643084752527 0.49396722628222
58.9 512 -1.8643084752556 0.49406049499424
59 512 -1.8643084752584 0.49416116727645
59.1 512 -1.8643084752616 0.49426927623091
59.2 512 -1.8643084752644 0.49438482081358
59.3 512 -1.8643084752672 0.4945077732795
59.4 512 -1.86430847527 0.4946380717334
59.5 512 -1.8643084752728 0.49477562044554
59.6 512 -1.8643084752756 0.49492028890787
59.7 512 -1.8643084752784 0.49507191117117
59.8 512 -1.8643084752812 0.49523028549061
59.9 512 -1.8643084752839 0.49539517430386
60 512 -1.8643084752867 0.49556630456209
60.1 512 -1.8643084752901 0.49574337026218
60.2 512 -1.8643084752928 0.49592602635315
60.3 512 -1.8643084752956 0.49611390098294
60.4 512 -1.8643084752984 0.49630659009961
60.5 512 -1.8643084753011 0.49650366147852
60.6 512 -1.8643084753039 0.49670465731256
60.7 512 -1.8643084753066 0.49690909714783
60.8 512 -1.8643084753094 0.49711648114062
60.9 512 -1.8643084753122 0.4973262936052
61 512 -1.8643084753149 0.49753800681721
61.1 512 -1.8643084753181 0.49775108676278
61.2 512 -1.8643084753822 0.49796499168759
61.3 512 -1.8643084754313 0.49817918272455
61.4 512 -1.864308475468 0.49839312565231
61.5 512 -1.8643084754948 0.49860629549618
61.6 512 -1.864308475514 0.49881818084856
61.7 512 -1.8643084755275 0.49902828806854
61.8 512 -1.8643084755371 0.49923614531112
61.9 512 -1.8643084755442 0.49944130633709
62 512 -1.8643084755499 0.49964335405007
62.1 512 -1.8643084756068 0.49984190431377
62.2 512 -1.8643084756118 0.50003660635636
62.3 512 -1.864308475617 0.50022714888801
62.4 512 -1.8643084756771 0.5004132579035
62.5 512 -1.8643084757885 0.50059470225139
62.6 512 -1.8643084758931 0.50077129474229
62.7 512 -1.8643084759918 0.50094288917634
62.8 512 -1.8643084760856 0.50110938213683
62.9 512 -1.8643084761756 0.50127071253822
63 512 -1.8643084762629 0.50142686069054
63.1 512 -1.8643084763574 0.50157784931083
63.2 512 -1.8643084764431 0.50172373203865
63.3 512 -1.86430847653 0.50186460567029
63.4 512 -1.8643084766195 0.5020005979072
63.5 512 -1.8643084767127 0.50213186684189
63.6 512 -1.8643084768111 0.50225859776537
63.7 512 -1.864308476916 0.50238099975626
63.8 512 -1.8643084770285 0.50249930210642
63.9 512 -1.8643084771498 0.50261375063848
64 512 -1.8643084772809 0.50272460397101
64.1 512 -1.864308477359 0.50283213311521
64.2 512 -1.8643084773921 0.5029366072937
64.3 512 -1.8643084774333 0.50303830192096
64.4 512 -1.8643084774834 0.50313749027291
64.5 512 -1.8643084775431 0.50323444079472
64.6 512 -1.864308477613 0.50332941411022
64.7 512 -1.8643084776935 0.50342266029489
64.8 512 -1.8643084776963 0.50351441480378
64.9 512 -1.8643084776992 0.50360490107211
65 512 -1.864308477702 0.50369432416907
65.1 512 -1.8643084777054 0.50378287216972
65.2 512 -1.8643084777082 0.50387070943649
65.3 512 -1.864308477711 0.50395798423373
65.4 512 -1.8643084777137 0.50404482259218
65.5 512 -1.8643084777165 0.50413132954245
65.6 512 -1.8643084777799 0.50421758845085
65.7 512 -1.8643084779021 0.50430366293615
65.8 512 -1.8643084780202 0.50438959750741
65.9 512 -1.864308478134 0.50447541671145
66 512 -1.8643084782432 0.50456112696126
66.1 512 -1.8643084782962 0.5046467200569
66.2 512 -1.8643084783958 0.50473216482735
66.3 512 -1.8643084784904 0.5048174229893
66.4 512 -1.8643084785801 0.50490244081081
66.5 512 -1.8643084786648 0.50498715299366
66.6 512 -1.8643084787445 0.50507148412024
66.7 512 -1.8643084788194 0.50515535008906
66.8 512 -1.8643084788895 0.50523865952057
66.9 512 -1.864308478955 0.50532131511731
67 512 -1.8643084791773 0.50540322031077
67.1 512 -1.8643084793585 0.50548426642075
67.2 512 -1.8643084795537 0.5055643417959
67.3 512 -1.8643084797354 0.50564333980938
67.4 512 -1.8643084799614 0.50572115225504
67.5 512 -1.8643084802298 0.50579767105349
67.6 512 -1.8643084804817 0.50587278915215
67.7 512 -1.864308480719 0.50594640248165
67.8 512 -1.8643084809435 0.50601841006148
67.9 512 -1.8643084811573 0.5060887146417
68 512 -1.8643084813621 0.50615722329098
68.1 512 -1.8643084815612 0.50622384952008
68.2 512 -1.8643084818645 0.50628850917073
68.3 512 -1.8643084821599 0.50635112523193
68.4 512 -1.864308482449 0.50641162707498
68.5 512 -1.8643084827334 0.50646995073351
68.6 512 -1.8643084830141 0.50652603928113
68.7 512 -1.8643084832921 0.50657984318234
68.8 512 -1.8643084835681 0.50663132061576
68.9 512 -1.8643084838426 0.50668043776726
69 512 -1.8643084841161 0.50672716908919
69.1 512 -1.8643084843033 0.50677149650183
69.2 512 -1.8643084845753 0.50681341366514
69.3 512 -1.8643084848468 0.50685291993446
69.4 512 -1.864308485118 0.50689002456507
69.5 512 -1.8643084853889 0.50692474568193
69.6 512 -1.8643084856595 0.50695711022151
69.7 512 -1.8643084859302 0.50698715380189
69.8 512 -1.8643084862009 0.50701492051798
69.9 512 -1.864308486472 0.50704046265984
70 512 -1.8643084867436 0.50706384035367
70.1 512 -1.8643084869282 0.50708511885987
70.2 512 -1.8643084872013 0.50710437714674
70.3 512 -1.8643084874753 0.50712169366893
70.4 512 -1.8643084877503 0.50713715483995
70.5 512 -1.8643084880261 0.50715085205827
70.6 512 -1.8643084883026 0.50716288096956
70.7 512 -1.8643084885794 0.50717334069562
70.8 512 -1.8643084888562 0.50718233304204
70.9 512 -1.8643084891322 0.50718996169809
71 512 -1.8643084894069 0.50719633144288
71.1 512 -1.8643084895739 0.50720154377797
71.2 512 -1.8643084898438 0.50720571058741
71.3 512 -1.8643084901103 0.50720893181539
71.4 512 -1.8643084903732 0.50721130928061
71.5 512 -1.8643084906322 0.50721294250287
71.6 512 -1.8643084908877 0.50721392822875
71.7 512 -1.8643084911406 0.50721436004935
71.8 512 -1.8643084913921 0.50721432811783
71.9 512 -1.864308491644 0.50721391897331
72 512 -1.8643084918975 0.5072132154735
72.1 512 -1.8643084920886 0.50721229085712
72.2 512 -1.8643084923449 0.50721123276897
72.3 512 -1.8643084926013 0.50721010760025
72.4 512 -1.8643084928574 0.50720898465161
72.5 512 -1.8643084931133 0.50720793050392
72.6 512 -1.8643084933701 0.50720700944061
72.7 512 -1.8643084936288 0.50720628392583
72.8 512 -1.8643084938904 0.50720581511877
72.9 512 -1.8643084941558 0.50720566340822
73 512 -1.864308494426 0.50720588895316
73.1 512 -1.8643084945861 0.50720654655148
73.2 512 -1.8643084948667 0.50720770883216
73.3 512 -1.8643084951527 0.50720943267376
73.4 512 -1.8643084954438 0.507211782369
73.5 512 -1.8643084957398 0.5072148243123
73.6 512 -1.8643084960399 0.50721862731515
73.7 512 -1.8643084963435 0.50722326285209
73.8 512 -1.8643084966497 0.50722880523348
73.9 512 -1.8643084969577 0.50723533170354
74 512 -1.8643084972665 0.50724292246356
74.1 512 -1.8643084974748 0.50725165502194
74.2 512 -1.864308497782 0.50726162650783
74.3 512 -1.8643084980869 0.50727291979883
74.4 512 -1.8643084983883 0.50728562577374
74.5 512 -1.8643084986853 0.50729983739714
74.6 512 -1.8643084989769 0.50731564939331
74.7 512 -1.8643084992622 0.50733315788864
74.8 512 -1.8643084995404 0.50735246003089
74.9 512 -1.864308499811 0.5073736535932
75 512 -1.8643085000736 0.50739683657008
75.1 512 -1.8643085002476 0.50742210226468
75.2 512 -1.8643085004939 0.50744955691868
75.3 512 -1.8643085007324 0.50747929225446
75.4 512 -1.8643085009637 0.50751140313765
75.5 512 -1.8643085011889 0.50754598267772
75.6 512 -1.8643085014092 0.50758312185249
75.7 512 -1.8643085016262 0.50762290913314
75.8 512 -1.8643085018418 0.5076654301044
75.9 512 -1.864308502058 0.50771076707241
76 512 -1.8643085022773 0.50775899865116
76.1 512 -1.8643085024398 0.50781019594489
76.2 512 -1.8643085026731 0.50786443556919
76.3 512 -1.8643085029173 0.50792177882324
76.4 512 -1.8643085031751 0.50798228462459
76.5 512 -1.8643085034487 0.50804600544779
76.6 512 -1.8643085037398 0.50811298656741
76.7 512 -1.8643085040497 0.50818326522018
76.8 512 -1.8643085043791 0.50825686968364
76.9 512 -1.8643085047281 0.50833381827296
77 512 -1.8643085049523 0.50841411365864
77.1 512 -1.8643085051264 0.5084977479022
77.2 512 -1.8643085053837 0.50858471806303
77.3 512 -1.8643085055977 0.50867498035885
77.4 512 -1.8643085057648 0.50876848557784
77.5 512 -1.8643085059416 0.50886517021172
77.6 512 -1.8643085061282 0.50896494915402
77.7 512 -1.8643085063246 0.50906771726748
77.8 512 -1.8643085065312 0.50917334810903
77.9 512 -1.8643085067481 0.50928169273363
78 512 -1.8643085069755 0.5093925786074
78.1 512 -1.8643085071344 0.50950580189954
78.2 512 -1.8643085073169 0.50962114893809
78.3 512 -1.8643085075408 0.5097383675505
78.4 512 -1.8643085077618 0.5098571849586
78.5 512 -1.8643085079121 0.50997729523718
78.6 512 -1.8643085079887 0.51009837146111
78.7 512 -1.8643085080563 0.51022006622377
78.8 512 -1.8643085081153 0.51034200224305
78.9 512 -1.8643085081657 0.51046377860139
79 512 -1.864308508208 0.51058497223068
79.1 512 -1.8643085082688 0.51070514384166
79.2 512 -1.8643085082971 0.51082382364549
79.3 512 -1.8643085083195 0.51094053843844
79.4 512 -1.8643085083371 0.51105479798025
79.5 512 -1.8643085083509 0.51116610212045
79.6 512 -1.8643085083621 0.5112739440926
79.7 512 -1.8643085083716 0.51137781401734
79.8 512 -1.8643085083805 0.51147720257629
79.9 512 -1.8643085083896 0.5115716048091
80 512 -1.8643085083991 0.51166052398341
80.1 512 -1.8643085084341 0.51174348036707
80.2 512 -1.8643085084444 0.51181999575027
80.3 512 -1.864308508455 0.51188962628312
80.4 512 -1.8643085084658 0.51195194701499
80.5 512 -1.864308508477 0.51200656026778
80.6 512 -1.8643085084888 0.51205309900601
80.7 512 -1.8643085085013 0.51209122994854
80.8 512 -1.8643085085147 0.51212065638449
80.9 512 -1.8643085085291 0.51214112065852
81 512 -1.8643085085446 0.51215240629469
81.1 512 -1.864308508589 0.5121543441968
81.2 512 -1.8643085086072 0.51214679614807
81.3 512 -1.8643085086267 0.51212968242964
81.4 512 -1.8643085086477 0.51210296455546
81.5 512 -1.8643085086703 0.51206664974438
81.6 512 -1.8643085086945 0.51202079057943
81.7 512 -1.8643085087776 0.51196548906708
81.8 512 -1.8643085089196 0.51190088585111
81.9 512 -1.864308509063 0.51182715873044
82 512 -1.8643085092083 0.51174453045294
82.1 512 -1.8643085093331 0.51165326049747
82.2 512 -1.8643085095409 0.51155365226332
82.3 512 -1.8643085098092 0.51144603385415
82.4 512 -1.8643085100802 0.51133076004059
82.5 512 -1.8643085103542 0.51120821745401
82.6 512 -1.8643085106311 0.51107881686081
82.7 512 -1.8643085109111 0.51094299003778
82.8 512 -1.864308511194 0.5108011866215
82.9 512 -1.8643085114797 0.510653870969
83 512 -1.864308511768 0.5105015190644
83.1 512 -1.8643085119906 0.51034460980089
83.2 512 -1.8643085122829 0.51018364490749
83.3 512 -1.8643085125765 0.51001911186701
83.4 512 -1.8643085128708 0.50985150417694
83.5 512 -1.8643085131652 0.50968131314571
83.6 512 -1.8643085134591 0.50950902559147
83.7 512 -1.8643085137515 0.50933512172005
83.8 512 -1.8643085140419 0.50916007318424
83.9 512 -1.8643085143293 0.50898434132333
84 512 -1.864308514613 0.508808375579
84.1 512 -1.8643085148587 0.50863260625582
84.2 512 -1.8643085151326 0.50845746655015
84.3 512 -1.8643085154004 0.50828335655395
84.4 512 -1.8643085156613 0.50811066551887
84.5 512 -1.8643085159144 0.50793976523163
84.6 512 -1.8643085161589 0.50777100928353
84.7 512 -1.8643085164482 0.50760473491475
84.8 512 -1.8643085167787 0.5074412574068
84.9 512 -1.8643085170928 0.50728086981224
85 512 -1.8643085173897 0.50712384760993
85.1 512 -1.8643085176196 0.50697043891662
85.2 512 -1.8643085179349 0.50682089346035
85.3 512 -1.8643085182836 0.50667541761136
85.4 512 -1.8643085186086 0.5065342020531
85.5 512 -1.8643085189104 0.50639741808834
85.6 512 -1.8643085191899 0.50626521591318
85.7 512 -1.8643085194484 0.50613772466523
85.8 512 -1.8643085196876 0.50601505253832
85.9 512 -1.8643085199098 0.50589728696895
86 512 -1.8643085201173 0.50578449490079
86.1 512 -1.8643085202859 0.50567671975582
86.2 512 -1.8643085204727 0.5055739954018
86.3 512 -1.8643085206535 0.50547632636702
86.4 512 -1.8643085208315 0.50538370206236
86.5 512 -1.8643085210096 0.50529609411838
86.6 512 -1.8643085211905 0.50521345725393
86.7 512 -1.8643085213767 0.50513573025262
86.8 512 -1.8643085215703 0.50506283705202
86.9 512 -1.8643085217732 0.50499468794298
87 512 -1.8643085219868 0.50493118087366
87.1 512 -1.8643085221534 0.50487220083828
87.2 512 -1.8643085223911 0.50481762941803
87.3 512 -1.8643085226416 0.50476733427387
87.4 512 -1.8643085227758 0.50472117472305
87.5 512 -1.8643085229141 0.50467901351147
87.6 512 -1.8643085230562 0.50464070665936
87.7 512 -1.8643085232021 0.50460610908747
87.8 512 -1.8643085233513 0.50457507636006
87.9 512 -1.8643085235036 0.5045474664128
88 512 -1.8643085236584 0.50452314124847
88.1 512 -1.8643085237395 0.50450196507262
88.2 512 -1.8643085238978 0.50448381993247
88.3 512 -1.8643085240569 0.50446858610333
88.4 512 -1.8643085242162 0.50445615759544
88.5 512 -1.8643085243751 0.50444643991046
88.6 512 -1.8643085245331 0.5044393512249
88.7 512 -1.8643085246894 0.50443482343923
88.8 512 -1.8643085248436 0.50443280308965
88.9 512 -1.8643085249952 0.50443325211605
89 512 -1.8643085251438 0.50443614848071
89.1 512 -1.8643085252179 0.50444148319923
89.2 512 -1.8643085253597 0.50444927441268
89.3 512 -1.8643085254981 0.50445954686211
89.4 512 -1.8643085257831 0.50447235166927
89.5 512 -1.8643085260598 0.50448774464765
89.6 512 -1.8643085263289 0.50450580419168
89.7 512 -1.8643085265917 0.50452662469579
89.8 512 -1.8643085268501 0.50455031592711
89.9 512 -1.8643085271066 0.50457700224522
90 512 -1.8643085273643 0.50460682167017
90.1 512 -1.8643085275582 0.50463992208613
90.2 512 -1.8643085278304 0.50467647087093
90.3 512 -1.864308528117 0.50471663720345
90.4 512 -1.864308528423 0.5047606014068
90.5 512 -1.8643085287057 0.5048085495192
90.6 512 -1.8643085289649 0.50486067335983
90.7 512 -1.8643085292474 0.50491716869208
90.8 512 -1.8643085295558 0.5049782312029
90.9 512 -1.8643085298451 0.50504405351239
91 512 -1.8643085301114 0.50511482588899
91.1 512 -1.8643085303814 0.50519072871361
91.2 512 -1.8643085305242 0.50527194287566
91.3 512 -1.8643085306765 0.5053586320666
91.4 512 -1.8643085308378 0.50545094593373
91.5 512 -1.8643085310079 0.50554901698712
91.6 512 -1.864308531187 0.50565295768051
91.7 512 -1.8643085313753 0.50576285745238
91.8 512 -1.8643085315731 0.50587877975459
91.9 512 -1.864308531781 0.50600075909982
92 512 -1.8643085319995 0.50612879816164
92.1 512 -1.8643085321013 0.50626285343301
92.2 512 -1.8643085322165 0.50640286988821
92.3 512 -1.8643085323377 0.50654873555879
92.4 512 -1.8643085324013 0.50670029457633
92.5 512 -1.8643085324042 0.50685735103045
92.6 512 -1.8643085324072 0.50701966704929
92.7 512 -1.8643085324101 0.50718695243989
92.8 512 -1.864308532413 0.507358867866
92.9 512 -1.8643085324159 0.50753502400998
93 512 -1.8643085324188 0.50771498114827
93.1 512 -1.864308532461 0.50789825112367
93.2 512 -1.8643085324639 0.50808429001575
93.3 512 -1.8643085324667 0.50827251078765
93.4 512 -1.8643085324696 0.50846227697526
93.5 512 -1.8643085325436 0.5086529079167
93.6 512 -1.8643085326092 0.50884367714742
93.7 512 -1.8643085326669 0.50903381955252
93.8 512 -1.8643085327174 0.50922253339954
93.9 512 -1.8643085327615 0.50940898426511
94 512 -1.8643085328 0.50959230939988
94.1 512 -1.864308532871 0.50977162467206
94.2 512 -1.8643085329014 0.50994602101025
94.3 512 -1.8643085329291 0.51011458285455
94.4 512 -1.8643085329549 0.51027638520517
94.5 512 -1.8643085329795 0.5104305016858
94.6 512 -1.8643085330031 0.51057601058545
94.7 512 -1.864308533026 0.51071200097095
94.8 512 -1.864308533048 0.51083757880165
94.9 512 -1.8643085330687 0.51095187297762
95 512 -1.8643085330878 0.5110540412537
95.1 512 -1.8643085331413 0.51114327822146
95.2 512 -1.8643085331565 0.51121881172605
95.3 512 -1.8643085331695 0.51127992145083
95.4 512 -1.8643085331806 0.51132593471334
95.5 512 -1.8643085331901 0.51135623296241
95.6 512 -1.8643085331984 0.5113702555653
95.7 512 -1.8643085332059 0.5113675030639
95.8 512 -1.8643085332131 0.51134753986891
95.9 512 -1.8643085332203 0.51130999636832
96 512 -1.864308533228 0.51125457043489
96.1 512 -1.8643085332759 0.51118103073012
96.2 512 -1.8643085332853 0.51108920740973
96.3 512 -1.8643085332961 0.51097900616056
96.4 512 -1.8643085333082 0.51085039779923
96.5 512 -1.8643085333214 0.51070341922664
96.6 512 -1.8643085333355 0.51053817149477
96.7 512 -1.8643085333504 0.51035481739037
96.8 512 -1.8643085333664 0.51015357857092
96.9 512 -1.8643085333842 0.50993473230339
97 512 -1.8643085334052 0.50969860786752
97.1 512 -1.8643085334725 0.50944558526028
97.2 512 -1.864308533505 0.50917608078882
97.3 512 -1.8643085335461 0.50889055832225
97.4 512 -1.8643085335979 0.50858951458539
97.5 512 -1.8643085336627 0.50827347733995
97.6 512 -1.8643085337423 0.50794300097669
97.7 512 -1.864308533745 0.50759865983833
97.8 512 -1.8643085337478 0.50724105069697
97.9 512 -1.8643085337506 0.50687078213435
98 512 -1.8643085337534 0.50648847268891
98.1 512 -1.8643085338056 0.50609474943263
98.2 512 -1.8643085338084 0.50569023528442
98.3 512 -1.8643085338112 0.50527555951093
98.4 512 -1.8643085338139 0.5048513456578
98.5 512 -1.8643085338167 0.50441821114348
98.6 512 -1.8643085338194 0.50397676488676
98.7 512 -1.8643085338221 0.50352760522575
98.8 512 -1.8643085338249 0.50307131812811
98.9 512 -1.8643085338276 0.50260847568557
99 512 -1.8643085338303 0.50213963488235
99.1 512 -1.8643085338341 0.5016653386754
99.2 512 -1.8643085338368 0.50118610707561
99.3 512 -1.8643085338395 0.50070244892168
99.4 512 -1.8643085338421 0.50021485343112
99.5 512 -1.8643085339027 0.49972379351126
99.6 512 -1.8643085340174 0.4992297231087
99.7 512 -1.8643085341245 0.49873307734308
99.8 512 -1.8643085342803 0.49823427689444
99.9 512 -1.8643085344823 0.49773372477158
100 512 -1.8643085346722 0.49723180682058
