0 23 -1.2937763310465 0.99994078827282
0.2 25 -1.2937763491341 0.99969943223863
0.4 25 -1.2937763491346 0.99897632115291
0.6 25 -1.2937763491351 0.99777431795729
0.8 25 -1.2937763491357 0.99609816750568
1 25 -1.2937763491363 0.99395445685298
1.2 25 -1.2937763491371 0.99135156042522
1.4 25 -1.2937763491382 0.98829957080573
1.6 25 -1.2937763491398 0.98481021606503
1.8 25 -1.2937763491422 0.98089676473133
2 25 -1.2937763491459 0.97657391964797
2.2 26 -1.2937763493661 0.97185770169871
2.4 26 -1.2937763493912 0.96676532163789
2.6 26 -1.2937763494487 0.96131504509671
2.8 26 -1.2937763495458 0.95552605535193
3 26 -1.2937763496651 0.94941831386684
3.2 26 -1.2937763497777 0.94301241911224
3.4 26 -1.293776349886 0.93632946533927
3.6 26 -1.2937763499956 0.92939090304503
3.8 26 -1.2937763501121 0.92221840245056
4 26 -1.2937763502419 0.91483372133419
4.2 26 -1.2937763502579 0.9072585790554
4.4 26 -1.2937763502896 0.89951453454735
4.6 26 -1.2937763503572 0.89162287573523
4.8 26 -1.2937763504783 0.8836045146042
5 26 -1.293776350658 0.87547989172129
5.2 26 -1.2937763506599 0.86726889029809
5.4 26 -1.2937763506619 0.85899075843254
5.6 26 -1.2937763506638 0.85066404266693
5.8 26 -1.2937763506657 0.84230652978723
6 26 -1.2937763506676 0.83393519810542
6.2 26 -1.2937763506697 0.82556617773084
6.4 26 -1.2937763506717 0.81721471891653
6.6 26 -1.293776350674 0.80889516914816
6.8 26 -1.2937763506766 0.80062095722827
7 26 -1.2937763506801 0.7924045843698
7.2 26 -1.2937763506851 0.7842576212925
7.4 26 -1.2937763506923 0.77619071087063
7.6 26 -1.2937763507031 0.76821357572085
7.8 26 -1.2937763507189 0.76033503006619
8 26 -1.2937763507408 0.75256299529153
8.2 27 -1.2937763507703 0.74490452017431
8.4 27 -1.2937763508094 0.73736579351211
8.6 27 -1.2937763508633 0.72995217190779
8.8 27 -1.2937763509385 0.72266820410556
9 27 -1.2937763510425 0.71551765982782
9.2 27 -1.293776351184 0.70850355951006
9.4 27 -1.293776351373 0.70162820500766
9.6 27 -1.2937763516226 0.69489321110564
9.8 27 -1.2937763519452 0.68829953768335
10 27 -1.2937763520027 0.6818475241498
10.2 27 -1.2937763520779 0.67553691832664
10.4 27 -1.2937763521746 0.66936691387594
10.6 27 -1.2937763522974 0.66333618513378
10.8 27 -1.2937763524514 0.6574429219832
11 27 -1.2937763526424 0.65168486648483
11.2 27 -1.2937763528764 0.64605935035874
11.4 27 -1.2937763530147 0.6405633340996
11.6 27 -1.2937763530225 0.63519344538036
11.8 27 -1.2937763530309 0.62994601950006
12 27 -1.29377635304 0.62481714221713
12.2 29 -1.2937763530498 0.61980269158977
12.4 29 -1.2937763530607 0.61489838111109
12.6 29 -1.293776353073 0.61009980374259
12.8 29 -1.293776353087 0.60540247560461
13 29 -1.2937763531031 0.60080188010413
13.2 29 -1.2937763531218 0.59629351165584
13.4 29 -1.2937763531433 0.59187291872225
13.6 29 -1.2937763531676 0.58753574577858
13.8 29 -1.2937763531943 0.58327777379168
14 29 -1.2937763532228 0.57909495879361
14.2 32 -1.293776353253 0.5749834682407
14.4 32 -1.293776353287 0.57093971421451
14.6 32 -1.2937763533298 0.56696038392855
14.8 32 -1.2937763533886 0.56304246668811
15 32 -1.2937763534704 0.55918327678509
15.2 32 -1.2937763535797 0.55538047233987
15.4 32 -1.2937763537179 0.55163206975048
15.6 32 -1.2937763538832 0.54793645356555
15.8 32 -1.2937763540726 0.54429238166383
16 32 -1.2937763542819 0.5406989856912
16.2 35 -1.2937763545071 0.53715576599127
16.4 35 -1.2937763547446 0.53366258533719
16.6 35 -1.2937763549913 0.53021965236744
16.8 35 -1.2937763552452 0.52682750555968
17 35 -1.2937763555046 0.52348699141655
17.2 35 -1.2937763557689 0.520199239343
17.4 35 -1.2937763560381 0.51696563336766
17.6 35 -1.2937763563135 0.51378778117227
17.8 35 -1.293776356597 0.51066748093313
18 35 -1.2937763568914 0.50760668650732
18.2 38 -1.2937763570882 0.50460747217163
18.4 38 -1.2937763571431 0.50167199562427
18.6 38 -1.2937763572082 0.49880245919884
18.8 38 -1.2937763572845 0.49600107766074
19 38 -1.2937763573731 0.49327004194845
19.2 38 -1.2937763574751 0.49061148593521
19.4 38 -1.2937763575911 0.48802745519309
19.6 38 -1.293776357722 0.48551987814801
19.8 38 -1.2937763578681 0.48309053995423
20 38 -1.2937763580297 0.48074105935108
20.2 39 -1.2937763582099 0.478472868131
20.4 39 -1.2937763584052 0.47628719668187
20.6 39 -1.2937763586149 0.47418505746305
20.8 39 -1.293776358839 0.47216723709827
21 39 -1.2937763590772 0.47023428916658
21.2 39 -1.2937763593295 0.46838653060435
21.4 39 -1.2937763595958 0.46662404102192
21.6 39 -1.2937763598762 0.46494666469405
21.8 39 -1.2937763601708 0.46335401495296
22 39 -1.2937763601754 0.46184548222488
22.2 42 -1.2937763602616 0.46042023853267
22.4 42 -1.2937763602674 0.45907724816226
22.6 42 -1.2937763602739 0.45781528262914
22.8 42 -1.2937763602812 0.45663292824643
23 42 -1.2937763602894 0.45552859919917
23.2 42 -1.2937763602987 0.45450054980332
23.4 42 -1.2937763603093 0.45354688675507
23.6 42 -1.2937763603211 0.45266558118299
23.8 42 -1.2937763603346 0.45185448036022
24 42 -1.2937763603497 0.45111131898117
24.2 45 -1.2937763605082 0.45043373082528
24.4 45 -1.2937763606819 0.44981925650004
24.6 45 -1.2937763610774 0.4492653594383
24.8 45 -1.2937763614662 0.44876942392237
25 45 -1.293776361848 0.44832877471762
25.2 45 -1.2937763622224 0.44794068276692
25.4 45 -1.293776362589 0.44760237428615
25.6 45 -1.2937763629477 0.44731104002244
25.8 45 -1.2937763632983 0.44706384482477
26 45 -1.293776363641 0.44685793766357
26.2 48 -1.2937763639829 0.44669046182159
26.4 48 -1.2937763643101 0.4465585676409
26.6 48 -1.2937763646302 0.44645942234065
26.8 48 -1.2937763649439 0.44639022406331
27 48 -1.2937763652518 0.44634821496326
27.2 48 -1.2937763655547 0.44633069525889
27.4 48 -1.2937763658536 0.44633503781679
27.6 48 -1.2937763661495 0.44635870311098
27.8 48 -1.2937763664434 0.44639925435831
28 48 -1.2937763667363 0.44645437259486
28.2 51 -1.2937763670329 0.44652187099777
28.4 51 -1.2937763673266 0.44659971057952
28.6 51 -1.293776367622 0.44668601137762
28.8 51 -1.2937763679199 0.44677906573301
29 51 -1.2937763682212 0.44687734858497
29.2 51 -1.2937763685266 0.44697952626872
29.4 51 -1.2937763688367 0.44708446329126
29.6 51 -1.2937763691523 0.44719122686849
29.8 51 -1.2937763694738 0.44729908904975
30 51 -1.2937763698015 0.4474075263067
30.2 52 -1.2937763701715 0.44751621604439
30.4 52 -1.2937763705138 0.44762503270565
30.6 52 -1.2937763708621 0.44773403727197
30.8 52 -1.2937763712168 0.44784346800538
31 52 -1.293776371578 0.44795372729405
31.2 52 -1.2937763719457 0.44806536676564
31.4 52 -1.2937763723199 0.44817907066955
31.6 52 -1.2937763727006 0.44829563786095
31.8 52 -1.2937763730876 0.44841596275514
32 52 -1.2937763734808 0.4485410156476
32.2 54 -1.2937763736453 0.44867182218944
32.4 54 -1.2937763737934 0.44880944576662
32.6 54 -1.2937763739431 0.44895496570883
32.8 54 -1.2937763740937 0.44910946073692
33 54 -1.2937763742451 0.44927399181561
33.2 54 -1.2937763743975 0.44944958703464
33.4 54 -1.293776374551 0.44963722841357
33.6 54 -1.293776374706 0.44983784083864
33.8 54 -1.2937763748629 0.45005228327445
34 54 -1.2937763750221 0.45028134232411
34.2 57 -1.293776375203 0.4505257280436
34.4 57 -1.2937763753672 0.45078607247516
34.6 57 -1.2937763755346 0.45106292954427
34.8 57 -1.2937763757057 0.45135677759867
35 57 -1.2937763758808 0.45166802331178
35.2 57 -1.2937763760604 0.45199700701758
35.4 57 -1.2937763762447 0.45234400906236
35.6 57 -1.2937763764338 0.45270925679247
35.8 57 -1.2937763766278 0.45309293177902
36 57 -1.2937763768265 0.45349517687549
36.2 60 -1.2937763770345 0.45391610308257
36.4 60 -1.2937763772422 0.45435579362191
36.6 60 -1.2937763774539 0.45481431046953
36.8 60 -1.2937763776692 0.45529169554429
37 60 -1.2937763778876 0.45578797200476
37.2 60 -1.2937763781088 0.45630314317692
37.4 60 -1.2937763783324 0.45683718940313
37.6 60 -1.2937763785581 0.45739006278992
37.8 60 -1.2937763787861 0.45796167991243
38 60 -1.2937763790163 0.45855191261351
38.2 63 -1.2937763792914 0.45916057739517
38.4 63 -1.2937763795611 0.45978742199099
38.6 63 -1.2937763798344 0.46043211377697
38.8 63 -1.2937763801122 0.46109422462228
39 63 -1.2937763803956 0.46177321707222
39.2 63 -1.2937763806853 0.46246843054737
39.4 63 -1.2937763809818 0.46317906838287
39.6 63 -1.2937763812853 0.46390418622638
39.8 63 -1.293776381596 0.46464268230312
40 63 -1.2937763819136 0.46539329003075
40.2 68 -1.2937763821473 0.46615457318741
40.4 68 -1.2937763822435 0.4669249246958
40.6 68 -1.2937763823421 0.46770256945161
40.8 68 -1.293776382443 0.46848556894371
41 68 -1.2937763825458 0.46927183137473
41.2 68 -1.2937763826505 0.47005912524549
41.4 68 -1.2937763827566 0.47084509680316
41.6 68 -1.2937763828639 0.47162729119398
41.8 68 -1.2937763829721 0.47240317705881
42 68 -1.2937763830809 0.47317017420987
42.2 72 -1.2937763831924 0.47392568374613
42.4 72 -1.2937763833011 0.4746671211787
42.6 72 -1.2937763834093 0.47539194922607
42.8 72 -1.293776383517 0.4760977131955
43 72 -1.2937763836241 0.47678207558636
43.2 72 -1.2937763837309 0.47744285022865
43.4 72 -1.2937763838376 0.47807803503856
43.6 72 -1.293776383945 0.47868584265889
43.8 72 -1.2937763840538 0.47926472828227
44 72 -1.2937763841649 0.47981341400345
44.2 76 -1.2937763842781 0.48033090877229
44.4 76 -1.2937763843979 0.48081652543027
44.6 76 -1.2937763845224 0.48126988959752
44.8 76 -1.2937763846526 0.48169094632788
45 76 -1.2937763847891 0.48207995984158
45.2 76 -1.2937763849323 0.4824375080087
45.4 76 -1.2937763850825 0.48276447136429
45.6 76 -1.2937763852396 0.48306201684228
45.8 76 -1.2937763854034 0.4833315765375
46 76 -1.2937763855738 0.48357482192058
46.2 81 -1.2937763857611 0.48379363357483
46.4 81 -1.2937763859624 0.48399006970819
46.6 81 -1.2937763861691 0.48416632793014
46.8 81 -1.2937763863806 0.48432470888647
47 81 -1.2937763868765 0.48446757684544
47.2 81 -1.2937763874534 0.48459732080924
47.4 81 -1.2937763880148 0.48471631593452
47.6 81 -1.2937763885611 0.48482688616503
47.8 81 -1.2937763890935 0.48493126922011
48 81 -1.2937763896135 0.48503158446423
48.2 85 -1.2937763900602 0.48512980440521
48.4 85 -1.2937763905763 0.48522773019388
48.6 85 -1.2937763910883 0.4853269715976
48.8 85 -1.2937763915996 0.48542893237291
49 85 -1.2937763921137 0.48553480045831
49.2 85 -1.2937763926342 0.48564554348776
49.4 85 -1.2937763931645 0.48576190954603
49.6 85 -1.2937763937078 0.4858844329964
49.8 85 -1.293776394267 0.48601344509532
50 85 -1.2937763948443 0.48614908899516
50.2 88 -1.2937763953612 0.48629133939562
50.4 88 -1.2937763959802 0.48644002166115
50.6 88 -1.2937763965272 0.48659484176766
50.8 88 -1.2937763968046 0.4867554099814
51 88 -1.2937763970829 0.48692126606899
51.2 88 -1.2937763973621 0.4870919118997
51.4 88 -1.2937763976417 0.48726683756943
51.6 88 -1.2937763979217 0.48744554796696
51.8 88 -1.2937763982018 0.48762758743753
52 88 -1.2937763984821 0.48781256188767
52.2 91 -1.2937763987752 0.48800015807695
52.4 91 -1.2937763990681 0.48819015769168
52.6 91 -1.2937763993632 0.48838245052401
52.8 91 -1.2937763996612 0.48857704030728
53 91 -1.293776399963 0.48877404761254
53.2 91 -1.29377640027 0.4889737079781
53.4 91 -1.2937764005835 0.48917636565324
53.6 91 -1.2937764009043 0.48938246316172
53.8 91 -1.2937764012332 0.48959252700149
54 91 -1.2937764015702 0.48980714990124
54.2 94 -1.2937764016738 0.49002696962566
54.4 94 -1.2937764017778 0.49025264730108
54.6 94 -1.2937764018853 0.49048484183293
54.8 94 -1.2937764019959 0.49072418402253
55 94 -1.2937764021097 0.49097125083322
55.2 94 -1.2937764022266 0.49122653986164
55.4 94 -1.2937764023467 0.49149044496869
55.6 94 -1.29377640247 0.49176323375154
55.8 94 -1.2937764025967 0.49204502748881
56 94 -1.2937764028204 0.49233578428547
56.2 96 -1.293776403228 0.49263528539714
56.4 96 -1.293776403733 0.49294312574646
56.6 96 -1.2937764042416 0.49325870810964
56.8 96 -1.2937764047579 0.49358124293696
57 96 -1.2937764049996 0.49390975075036
57.2 96 -1.293776405151 0.49424307248656
57.4 96 -1.2937764053056 0.4945798802555
57.6 96 -1.2937764054632 0.49491869369153
57.8 96 -1.2937764056234 0.49525790037198
58 96 -1.293776405786 0.49559577922614
58.2 100 -1.2937764059401 0.49593052627897
58.4 100 -1.2937764061062 0.49626028473317
58.6 100 -1.2937764062733 0.49658317208633
58.8 100 -1.2937764064408 0.4968973127825
59 100 -1.2937764066084 0.49720086863703
59.2 100 -1.2937764067755 0.49749206926698
59.4 100 -1.2937764069416 0.49776924136184
59.6 100 -1.2937764071063 0.49803083616243
59.8 100 -1.2937764072693 0.49827545456342
60 100 -1.2937764074305 0.49850186931625
60.2 103 -1.29377640771 0.49870904249393
60.4 103 -1.2937764079377 0.49889614557859
60.6 103 -1.2937764081645 0.4990625640488
60.8 103 -1.2937764083908 0.49920790813703
61 103 -1.2937764086172 0.49933201471122
61.2 103 -1.2937764088443 0.49943494571716
61.4 103 -1.293776409073 0.49951698247424
61.6 103 -1.2937764093038 0.49957861602347
61.8 103 -1.2937764095376 0.49962053380958
62 103 -1.2937764097747 0.49964360305469
62.2 107 -1.2937764100626 0.49964885037605
62.4 107 -1.2937764103077 0.49963744336063
62.6 107 -1.2937764105569 0.49961066146531
62.8 107 -1.2937764108102 0.4995698743948
63 107 -1.2937764110674 0.49951651524377
63.2 107 -1.2937764113284 0.49945205429836
63.4 107 -1.2937764115927 0.49937797314726
63.6 107 -1.2937764118602 0.49929573962279
63.8 107 -1.2937764121304 0.49920678405651
64 107 -1.293776412403 0.49911247728724
64.2 113 -1.2937764126882 0.49901410972377
64.4 113 -1.2937764129467 0.49891287822296
64.6 113 -1.2937764132063 0.49880986505994
64.8 113 -1.2937764136815 0.49870603227169
65 113 -1.2937764142049 0.49860220667615
65.2 113 -1.2937764147021 0.49849907803409
65.4 113 -1.2937764151761 0.49839719637486
65.6 113 -1.2937764156295 0.49829697163364
65.8 113 -1.2937764160655 0.49819867673593
66 113 -1.2937764164868 0.4981024532909
66.2 118 -1.2937764168821 0.49800831839219
66.4 118 -1.2937764172824 0.49791617980151
66.6 118 -1.2937764176769 0.49782584031292
66.8 118 -1.2937764180693 0.49773701616622
67 118 -1.293776418464 0.49764935027117
67.2 118 -1.2937764188656 0.49756242746736
67.4 118 -1.2937764192784 0.49747579023061
67.6 118 -1.2937764197064 0.49738895450872
67.8 118 -1.2937764201529 0.49730142538638
68 118 -1.2937764206206 0.49721271230254
68.2 122 -1.2937764211549 0.49712234279545
68.4 122 -1.2937764216896 0.49702987936744
68.6 122 -1.29377642225 0.49693492690657
68.8 122 -1.2937764228361 0.4968371475165
69 122 -1.29377642322 0.49673626818115
69.2 122 -1.2937764235366 0.49663209296425
69.4 122 -1.293776423859 0.49652450726176
69.6 122 -1.2937764241878 0.49641348340646
69.8 122 -1.2937764245234 0.49629908523056
70 122 -1.2937764248659 0.49618147070936
70.2 127 -1.2937764253058 0.49606089251338
70.4 127 -1.2937764256617 0.49593770060786
70.6 127 -1.2937764260244 0.49581233670907
70.8 127 -1.2937764263938 0.49568533439345
71 127 -1.2937764267697 0.49555731458991
71.2 127 -1.2937764271519 0.49542898067876
71.4 127 -1.2937764277532 0.49530111345101
71.6 127 -1.2937764284224 0.49517456187591
71.8 127 -1.2937764290907 0.49505023710322
72 127 -1.2937764297631 0.49492910382964
72.2 132 -1.293776430157 0.49481216881565
72.4 132 -1.2937764305755 0.49470047744638
72.6 132 -1.2937764310117 0.49459509347422
72.8 132 -1.2937764312289 0.49449709220782
73 132 -1.2937764313718 0.49440755025966
73.2 132 -1.2937764315167 0.4943275307842
73.4 132 -1.2937764316635 0.49425807052559
73.6 132 -1.2937764320781 0.49420016838027
73.8 132 -1.2937764325835 0.49415476818474
74 132 -1.293776433089 0.49412274807399
74.2 136 -1.2937764335068 0.49410490592708
74.4 136 -1.293776434009 0.49410195032959
74.6 136 -1.293776434509 0.49411448109982
74.8 136 -1.2937764350075 0.4941429816721
75 136 -1.2937764355053 0.49418780680846
75.2 136 -1.2937764360032 0.49424917248412
75.4 136 -1.2937764365022 0.49432714709166
75.6 136 -1.2937764370032 0.49442164419409
75.8 136 -1.293776437507 0.49453241705178
76 136 -1.2937764380146 0.49465905513555
76.2 140 -1.2937764384475 0.49480098228721
76.4 140 -1.2937764389725 0.49495745975709
76.6 140 -1.2937764395038 0.4951275869192
76.8 140 -1.2937764397706 0.49531030900904
77 140 -1.2937764399486 0.49550442583698
77.2 140 -1.2937764401269 0.49570860271643
77.4 140 -1.2937764403052 0.49592138446594
77.6 140 -1.2937764404834 0.49614121185417
77.8 140 -1.293776440661 0.49636644028124
78 140 -1.293776440838 0.49659536052544
78.2 145 -1.2937764410185 0.49682622135513
78.4 145 -1.2937764411934 0.49705725313899
78.6 145 -1.2937764413669 0.49728669344636
78.8 145 -1.2937764415391 0.49751281228773
79 145 -1.2937764417098 0.49773393803716
79.2 145 -1.2937764418792 0.49794848291537
79.4 145 -1.2937764420476 0.4981549676396
79.6 145 -1.2937764422153 0.49835204473125
79.8 145 -1.293776442383 0.49853851997987
80 145 -1.2937764425514 0.49871337158211
80.2 148 -1.2937764428585 0.49887576659024
80.4 148 -1.2937764431613 0.4990250735669
80.6 148 -1.2937764434668 0.4991608733436
80.8 148 -1.293776443776 0.49928296390121
81 148 -1.2937764440896 0.49939136247317
81.2 148 -1.2937764444082 0.49948630319625
81.4 148 -1.2937764447324 0.49956823055959
81.6 148 -1.2937764450624 0.4996377887005
81.8 148 -1.2937764453986 0.49969580668764
82 148 -1.2937764457409 0.4997432800236
82.2 153 -1.2937764460878 0.49978134892295
82.4 153 -1.2937764464424 0.49981127234496
82.6 153 -1.293776446803 0.49983440184902
82.8 153 -1.2937764471696 0.49985215100144
83 153 -1.2937764475423 0.49986596456769
83.2 153 -1.2937764479209 0.49987728667472
83.4 153 -1.2937764483057 0.49988752885688
83.6 153 -1.2937764486966 0.49989803866897
83.8 153 -1.2937764490936 0.49991006954711
84 153 -1.2937764494968 0.49992475257889
84.2 158 -1.2937764499012 0.4999430707153
84.4 158 -1.2937764503275 0.49996583657415
84.6 158 -1.2937764507599 0.49999367289317
84.8 158 -1.2937764511981 0.50002699804577
85 158 -1.2937764516421 0.50006601545329
85.2 158 -1.2937764520916 0.50011070776714
85.4 158 -1.2937764525462 0.50016083586205
85.6 158 -1.2937764530056 0.50021594268104
85.8 158 -1.2937764534693 0.50027536186307
86 158 -1.2937764539367 0.5003382309754
86.2 162 -1.2937764543834 0.50040350850183
86.4 162 -1.2937764548566 0.50046999759135
86.6 162 -1.2937764553316 0.50053636765272
86.8 162 -1.2937764558076 0.50060118446608
87 162 -1.293776456284 0.50066293980067
87.2 162 -1.2937764567598 0.50072008321496
87.4 162 -1.2937764572345 0.50077105477522
87.6 162 -1.2937764577071 0.50081431796542
87.8 162 -1.293776458177 0.50084839205866
88 162 -1.2937764586437 0.50087188323505
88.2 166 -1.2937764591198 0.5008835124761
88.4 166 -1.293776459612 0.50088214680966
88.6 166 -1.2937764601002 0.50086681657364
88.8 166 -1.2937764605845 0.50083673887266
89 166 -1.293776461065 0.50079133256104
89.2 166 -1.293776461542 0.50073022964589
89.4 166 -1.2937764620161 0.50065328211608
89.6 166 -1.2937764624879 0.50056056409528
89.8 166 -1.2937764629581 0.50045236932643
90 166 -1.2937764634277 0.50032920410348
90.2 170 -1.293776463903 0.50019177509569
90.4 170 -1.2937764643753 0.50004097704458
90.6 170 -1.2937764648493 0.49987786903667
90.8 170 -1.2937764653259 0.49970365551788
91 170 -1.2937764656483 0.49951966081267
91.2 170 -1.2937764658165 0.49932730234997
91.4 170 -1.2937764659876 0.49912806264217
91.6 170 -1.2937764661617 0.49892346065991
91.8 170 -1.2937764663388 0.49871502307282
92 170 -1.2937764665189 0.49850425616216
92.2 174 -1.2937764667029 0.49829261808987
92.4 174 -1.293776466889 0.49808149751109
92.6 174 -1.2937764670775 0.49787218540241
92.8 174 -1.2937764672678 0.49766585889819
93 174 -1.2937764674598 0.49746356364719
93.2 174 -1.2937764676531 0.49726620055297
93.4 174 -1.2937764678474 0.49707451615808
93.6 174 -1.2937764680424 0.49688909676999
93.8 174 -1.2937764682378 0.49671036633265
94 174 -1.2937764684335 0.49653858795433
94.2 177 -1.293776468602 0.4963738677936
94.4 177 -1.293776468778 0.49621616767423
94.6 177 -1.2937764689532 0.49606530975635
94.8 177 -1.2937764691274 0.49592099433267
95 177 -1.2937764693003 0.49578281445702
95.2 177 -1.2937764694717 0.49565027315538
95.4 177 -1.2937764696413 0.49552280169292
95.6 177 -1.2937764698087 0.49539977838036
95.8 177 -1.2937764699735 0.49528054740742
96 177 -1.2937764701351 0.4951644372098
96.2 179 -1.2937764702988 0.49505077726017
96.4 179 -1.2937764704577 0.49493891681949
96.6 179 -1.2937764706121 0.49482823520393
96.8 179 -1.2937764707619 0.49471815694695
97 179 -1.2937764709071 0.49460816116546
97.2 179 -1.2937764710487 0.49449778921824
97.4 179 -1.2937764711879 0.49438664984552
97.6 179 -1.2937764713263 0.4942744217801
97.8 179 -1.2937764714656 0.49416085389889
98 179 -1.2937764716076 0.49404576305587
98.2 183 -1.2937764717681 0.49392902953572
98.4 183 -1.293776471919 0.49381059199753
98.6 183 -1.2937764720756 0.49369043813982
98.8 183 -1.2937764722379 0.49356859693935
99 183 -1.2937764724061 0.49344512864127
99.2 183 -1.2937764725797 0.49332011459532
99.4 183 -1.293776472822 0.49319364769371
99.6 183 -1.2937764732505 0.49306582251841
99.8 183 -1.2937764736657 0.49293672222799
100 183 -1.2937764740686 0.49280641562878
