0.1 51 -95.144414174823 0.99986617670505
0.2 51 -95.144414175042 0.99966296369106
0.3 51 -95.144414175308 0.99932469516461
0.4 51 -95.144414175549 0.99885199991616
0.5 51 -95.144414175812 0.99824575399137
0.6 51 -95.144414176097 0.99750707647162
0.7 51 -95.144414176399 0.99663732339306
0.8 51 -95.144414176727 0.9956380794286
0.9 51 -95.144414177068 0.99451114894872
1 51 -95.144414177424 0.99325854433758
1.1 67 -95.144414177887 0.99188252909226
1.2 67 -95.14441417837 0.99038546206107
1.3 67 -95.144414178846 0.98876990025056
1.4 67 -95.144414179338 0.9870385727114
1.5 67 -95.144414179779 0.98519431390526
1.6 67 -95.14441418018 0.98324009849904
1.7 67 -95.144414180523 0.98117900413164
1.8 67 -95.144414180869 0.97901424322843
1.9 67 -95.144414181227 0.97674908831695
2 67 -95.144414181601 0.97438687281847
2.1 83 -95.144414182006 0.97193094516682
2.2 83 -95.144414182294 0.96938464348981
2.3 83 -95.144414182604 0.9667515097014
2.4 83 -95.144414182943 0.96403500144907
2.5 83 -95.144414183319 0.96123857461845
2.6 83 -95.144414183694 0.95836562154379
2.7 83 -95.144414184033 0.95541949603919
2.8 83 -95.144414184353 0.95240357724974
2.9 83 -95.144414184658 0.94932117588045
3 83 -95.144414184952 0.94617554200541
3.1 101 -95.144414185267 0.94296975435999
3.2 101 -95.144414185575 0.93970704433583
3.3 101 -95.14441418585 0.93639036196541
3.4 101 -95.144414186115 0.93302268151253
3.5 101 -95.144414186301 0.92960659707034
3.6 101 -95.14441418642 0.9261447980703
3.7 101 -95.14441418654 0.92264015188735
3.8 101 -95.144414186669 0.91909522008422
3.9 101 -95.144414186807 0.9155124632921
4 101 -95.144414186962 0.91189424190759
4.1 121 -95.144414187132 0.90824284456207
4.2 121 -95.144414187298 0.90456035679858
4.3 121 -95.144414187464 0.90084885175673
4.4 121 -95.144414187632 0.89711026642436
4.5 121 -95.144414187802 0.89334643372618
4.6 121 -95.144414187973 0.88955907724866
4.7 121 -95.144414188152 0.88574982333968
4.8 121 -95.144414188326 0.88192019677872
4.9 121 -95.144414188411 0.87807158453157
5 121 -95.144414188484 0.87420535943033
5.1 144 -95.14441418856 0.87032288571573
5.2 144 -95.144414188632 0.86642527490592
5.3 144 -95.144414188702 0.86251367861217
5.4 144 -95.144414188772 0.85858913380639
5.5 144 -95.14441418884 0.8546526035323
5.6 144 -95.144414188908 0.85070498038005
5.7 144 -95.144414188974 0.84674709040606
5.8 144 -95.144414189043 0.84277969767516
5.9 144 -95.144414189111 0.83880350930894
6 144 -95.144414189181 0.83481918074119
6.1 167 -95.144414189255 0.83082736921963
6.2 167 -95.144414189324 0.82682854817078
6.3 167 -95.144414189396 0.82282329228907
6.4 167 -95.14441418947 0.8188121013395
6.5 167 -95.144414189545 0.8147954503297
6.6 167 -95.144414189621 0.81077379290103
6.7 167 -95.1444141897 0.80674756305417
6.8 167 -95.144414189779 0.80271717902723
6.9 167 -95.144414189862 0.79868304912934
7 167 -95.144414189947 0.79464557646637
7.1 190 -95.144414190037 0.7906052078458
7.2 190 -95.144414190119 0.78656227951597
7.3 190 -95.1444141902 0.78251721633477
7.4 190 -95.144414190281 0.77847043400417
7.5 190 -95.144414190365 0.77442235154545
7.6 190 -95.144414190451 0.77037338661707
7.7 190 -95.144414190535 0.7663239575734
7.8 190 -95.144414190616 0.76227452798622
7.9 190 -95.144414190695 0.75822557968335
8 190 -95.144414190773 0.75417759642444
8.1 213 -95.144414190848 0.75013110382515
8.2 213 -95.144414190918 0.74608656331666
8.3 213 -95.144414190985 0.74204453263483
8.4 213 -95.144414191047 0.73800556032564
8.5 213 -95.144414191107 0.73397020939261
8.6 213 -95.144414191164 0.72993905498144
8.7 213 -95.14441419122 0.72591268207405
8.8 213 -95.144414191277 0.72189168354047
8.9 213 -95.144414191334 0.71787665899217
9 213 -95.144414191391 0.71386821494749
9.1 235 -95.144414191452 0.70986698483018
9.2 235 -95.144414191513 0.70587356097385
9.3 235 -95.144414191577 0.70188859768959
9.4 235 -95.144414191643 0.69791273944925
9.5 235 -95.144414191717 0.69394662622665
9.6 235 -95.144414191795 0.6899908872775
9.7 235 -95.144414191877 0.68604614280875
9.8 235 -95.144414191963 0.6821130079309
9.9 235 -95.144414192049 0.67819209418444
10 235 -95.144414192138 0.67428400832233
10.1 256 -95.144414192227 0.67038933936907
10.2 256 -95.144414192313 0.66650870715045
10.3 256 -95.144414192399 0.66264267212897
10.4 256 -95.144414192482 0.65879179146313
10.5 256 -95.144414192561 0.65495659598552
10.6 256 -95.144414192639 0.65113759011918
10.7 256 -95.144414192715 0.64733528165051
10.8 256 -95.144414192794 0.64355018579019
10.9 256 -95.144414192871 0.63978279764757
11 256 -95.14441419295 0.63603358608901
11.1 277 -95.144414193034 0.63230298204381
11.2 277 -95.144414193117 0.62859144374794
11.3 277 -95.144414193202 0.62489936127972
11.4 277 -95.144414193289 0.62122711977527
11.5 277 -95.144414193377 0.61757508338298
11.6 277 -95.144414193465 0.61394359544723
11.7 277 -95.144414193552 0.61033298055878
11.8 277 -95.144414193634 0.60674354915213
11.9 277 -95.144414193715 0.60317560269911
12 277 -95.144414193791 0.59962943449923
12.1 298 -95.144414193871 0.59610533127109
12.2 298 -95.144414193942 0.5926035412095
12.3 298 -95.144414194014 0.5891243010804
12.4 298 -95.144414194085 0.58566782544489
12.5 298 -95.144414194158 0.5822343118438
12.6 298 -95.14441419423 0.57882394372258
12.7 298 -95.144414194304 0.57543689225146
12.8 298 -95.144414194382 0.57207331756211
12.9 298 -95.144414194464 0.56873336983814
13 298 -95.144414194547 0.56541719045415
13.1 321 -95.144414194643 0.56212492340056
13.2 321 -95.144414194737 0.55885666969988
13.3 321 -95.144414194833 0.55561256585919
13.4 321 -95.144414194927 0.55239289391733
13.5 321 -95.144414195009 0.54919780925177
13.6 321 -95.144414195078 0.54602728473215
13.7 321 -95.144414195138 0.54288138021225
13.8 321 -95.144414195189 0.53976019071368
13.9 321 -95.144414195236 0.53666377241458
14 321 -95.144414195283 0.5335921793434
14.1 344 -95.144414195339 0.53054545409813
14.2 344 -95.144414195404 0.52752366874291
14.3 344 -95.144414195482 0.52452686853941
14.4 344 -95.144414195575 0.52155511873992
14.5 344 -95.144414195674 0.51860852655094
14.6 344 -95.144414195771 0.51568725129285
14.7 344 -95.144414195862 0.51279137811414
14.8 344 -95.14441419595 0.50992100499664
14.9 344 -95.144414196042 0.50707623905474
15 344 -95.144414196137 0.50425719251537
15.1 363 -95.144414196234 0.50146396587147
15.2 363 -95.144414196331 0.4986967073903
15.3 363 -95.14441419643 0.49595551554816
15.4 363 -95.144414196532 0.49324050325352
15.5 363 -95.144414196637 0.49055178235932
15.6 363 -95.144414196746 0.48788946303724
15.7 363 -95.144414196861 0.48525365287661
15.8 363 -95.144414196972 0.48264448125797
15.9 363 -95.14441419705 0.48006215991066
16 363 -95.144414197111 0.4775066970723
16.1 388 -95.144414197159 0.47497815021434
16.2 388 -95.144414197188 0.47247663836457
16.3 388 -95.144414197216 0.47000221680547
16.4 388 -95.144414197234 0.46755497020968
16.6 388 -95.144414197271 0.46274232023638
16.7 388 -95.144414197288 0.4603770765022
16.8 388 -95.144414197305 0.45803932303666
16.9 388 -95.144414197319 0.45572913321999
17 388 -95.144414197336 0.4534465759189
17.1 414 -95.144414197357 0.4511916805699
17.2 414 -95.144414197375 0.44896456844183
17.3 414 -95.14441419739 0.44676525967605
17.4 414 -95.144414197408 0.44459379868025
17.5 414 -95.144414197426 0.44245022358172
17.6 414 -95.144414197444 0.44033456632866
17.7 414 -95.144414197463 0.4382468526391
17.8 414 -95.144414197484 0.43618710179182
17.9 414 -95.144414197504 0.43415532635364
18 414 -95.144414197527 0.43215153197574
18.1 441 -95.144414197554 0.43017566120601
18.2 441 -95.144414197579 0.42822780133676
18.3 441 -95.144414197601 0.42630789933956
18.4 441 -95.144414197624 0.42441593356912
18.5 441 -95.14441419765 0.42255187600562
18.6 441 -95.144414197672 0.42071569206783
18.7 441 -95.144414197703 0.41890735143016
18.8 441 -95.144414197735 0.41712678911011
18.9 441 -95.14441419777 0.41537393442343
19 441 -95.144414197804 0.41364872820014
19.1 468 -95.144414197841 0.41195105992039
19.2 468 -95.144414197877 0.41028093304946
19.3 468 -95.144414197906 0.40863824894841
19.4 468 -95.144414197936 0.40702292821231
19.5 468 -95.144414197972 0.40543486900135
19.6 468 -95.144414198008 0.40387397998724
19.7 468 -95.144414198044 0.40234018111509
19.8 468 -95.144414198086 0.40083333949044
19.9 468 -95.144414198133 0.39935335217082
20 468 -95.144414198179 0.3979001470842
20.1 495 -95.144414198237 0.3964735518407
20.2 495 -95.144414198287 0.39507356883818
20.3 495 -95.144414198345 0.3937000409989
20.4 495 -95.144414198402 0.39235287339001
20.5 495 -95.144414198453 0.39103196447901
20.6 495 -95.144414198503 0.38973719861959
20.7 495 -95.14441419855 0.38846845835606
20.8 495 -95.144414198595 0.38722561757528
20.9 495 -95.144414198632 0.3860085411206
21 495 -95.144414198667 0.38481710367325
21.1 512 -95.144414198708 0.38365110678501
21.2 512 -95.144414198739 0.38251055929525
21.3 512 -95.144414198775 0.38139532493265
21.4 512 -95.144414198816 0.38030527696199
21.5 512 -95.144414198867 0.37924028512281
21.6 512 -95.144414198925 0.37820028440229
21.7 512 -95.144414198989 0.37718508033393
21.8 512 -95.14441419906 0.3761945422335
21.9 512 -95.14441419914 0.37522857264986
22 512 -95.144414199225 0.37428699981964
22.1 512 -95.144414199327 0.37336963786459
22.2 512 -95.144414199425 0.37247641760165
22.3 512 -95.144414199529 0.37160711123674
22.4 512 -95.144414199646 0.37076159491811
22.5 512 -95.144414199756 0.36993955296699
22.6 512 -95.14441419987 0.36914080034991
22.7 512 -95.144414199984 0.36836515383947
22.8 512 -95.144414200092 0.36761244506993
22.9 512 -95.144414200177 0.3668826291311
23 512 -95.144414200218 0.36617576171167
23.1 512 -95.144414200244 0.36549172244137
23.2 512 -95.14441420026 0.36483042612733
23.3 512 -95.144414200279 0.36419166795654
23.4 512 -95.144414200295 0.36357530508782
23.5 512 -95.144414200311 0.36298119367593
23.6 512 -95.144414200331 0.36240918916187
23.7 512 -95.144414200351 0.36185914635402
23.8 512 -95.144414200368 0.36133091937423
23.9 512 -95.144414200388 0.36082436155456
24 512 -95.144414200408 0.36033932529254
24.1 512 -95.144414200435 0.35987559521874
24.2 512 -95.144414200456 0.35943315464128
24.3 512 -95.144414200474 0.35901178498985
24.4 512 -95.144414200497 0.35861133275469
24.5 512 -95.144414200518 0.35823164243081
24.6 512 -95.144414200538 0.35787255642628
24.7 512 -95.144414200558 0.35753391499597
24.8 512 -95.144414200582 0.35721555618648
24.9 512 -95.1444142006 0.35691731578224
25 512 -95.144414200623 0.35663902725937
25.1 512 -95.14441420065 0.35638044868295
25.2 512 -95.144414200673 0.35614154940086
25.3 512 -95.144414200691 0.35592208253471
25.4 512 -95.144414200708 0.35572187301799
25.5 512 -95.144414200727 0.3555407435951
25.6 512 -95.144414200743 0.35537851484126
25.7 512 -95.144414200759 0.3552350056397
25.8 512 -95.144414200776 0.35511003374098
25.9 512 -95.144414200788 0.3550034161621
26 512 -95.144414200803 0.35491496921133
26.1 512 -95.144414200826 0.35484443512583
26.2 512 -95.14441420084 0.35479177606574
26.3 512 -95.144414200855 0.35475673320147
26.4 512 -95.144414200872 0.35473911773239
26.5 512 -95.144414200886 0.35473873998088
26.6 512 -95.144414200902 0.35475540973693
26.7 512 -95.144414200916 0.35478893663477
26.8 512 -95.144414200939 0.35483904914027
26.9 512 -95.144414200972 0.35490548857331
27 512 -95.144414201021 0.35498804950622
27.1 512 -95.144414201098 0.35508644144533
27.2 512 -95.144414201185 0.35520074653335
27.3 512 -95.144414201274 0.35533077084356
27.4 512 -95.144414201367 0.3554763985767
27.5 512 -95.144414201457 0.3556374818712
27.6 512 -95.144414201551 0.35581383167559
27.7 512 -95.144414201652 0.35600526961615
27.8 512 -95.144414201754 0.35621160284716
27.9 512 -95.144414201854 0.35643259197245
28 512 -95.144414201956 0.356668008692
28.1 512 -95.144414202062 0.35691755352962
28.2 512 -95.144414202158 0.35718112817428
28.3 512 -95.144414202251 0.35745843308813
28.4 512 -95.144414202345 0.35774924021382
28.5 512 -95.144414202438 0.35805332844301
28.6 512 -95.14441420253 0.35837048619925
28.7 512 -95.14441420262 0.35870051320049
28.8 512 -95.144414202714 0.35904322103179
28.9 512 -95.144414202809 0.35939843240523
29 512 -95.144414202908 0.35976597931156
29.1 512 -95.144414203017 0.36014564575361
29.2 512 -95.144414203117 0.36053746451108
29.3 512 -95.144414203212 0.36094123604858
29.4 512 -95.144414203301 0.36135680886575
29.5 512 -95.144414203393 0.36178393544569
29.6 512 -95.144414203483 0.36222245004293
29.7 512 -95.144414203575 0.3626721840649
29.8 512 -95.144414203664 0.36313296605934
29.9 512 -95.144414203755 0.36360462219628
30 512 -95.144414203849 0.36408693716482
30.1 512 -95.144414203951 0.36457969837598
30.2 512 -95.144414204051 0.36508278096818
30.3 512 -95.144414204157 0.36559597262822
30.4 512 -95.144414204259 0.36611917764313
30.5 512 -95.144414204361 0.3666522250072
30.6 512 -95.144414204463 0.36719494309588
30.7 512 -95.144414204561 0.36774715935118
30.8 512 -95.144414204661 0.36830870018232
30.9 512 -95.144414204761 0.36887939092909
31 512 -95.144414204861 0.36945905568938
31.1 512 -95.144414204972 0.3700474835224
31.2 512 -95.144414205076 0.37064455811546
31.3 512 -95.144414205186 0.37125006708668
31.4 512 -95.144414205278 0.37186400213676
31.5 512 -95.144414205365 0.37248607469359
31.6 512 -95.144414205443 0.37311617927831
31.7 512 -95.144414205492 0.3737543665687
31.8 512 -95.144414205514 0.3744004114924
31.9 512 -95.144414205532 0.3750540101245
32 512 -95.144414205541 0.37571484396368
32.1 512 -95.144414205566 0.37638272534255
32.2 512 -95.144414205576 0.37705753183089
32.3 512 -95.144414205592 0.37773907818138
32.4 512 -95.144414205606 0.37842720150073
32.5 512 -95.144414205619 0.37912173977571
32.6 512 -95.144414205633 0.37982253210856
32.7 512 -95.144414205648 0.3805294188048
32.8 512 -95.144414205664 0.38124224142901
32.9 512 -95.14441420568 0.38196084288418
33 512 -95.144414205694 0.38268506753792
33.1 512 -95.14441420573 0.38341465159895
33.2 512 -95.144414205751 0.38414957259522
33.3 512 -95.144414205776 0.38488966525085
33.4 512 -95.144414205806 0.38563468765416
33.5 512 -95.144414205846 0.38638450001975
33.6 512 -95.144414205897 0.38713878672625
33.7 512 -95.144414205992 0.38789710529658
33.8 512 -95.144414206093 0.38865992433095
33.9 512 -95.144414206194 0.38942715632573
34 512 -95.144414206295 0.39019875938541
34.1 512 -95.144414206402 0.39097463058332
34.2 512 -95.144414206493 0.39175461720692
34.3 512 -95.14441420656 0.3925385967177
34.4 512 -95.144414206599 0.39332635694692
34.5 512 -95.144414206619 0.39411766081461
34.6 512 -95.144414206634 0.39491232751364
34.7 512 -95.144414206646 0.39571020770789
34.8 512 -95.144414206658 0.39651116535835
34.9 512 -95.144414206672 0.39731506534631
35 512 -95.144414206684 0.39812177355532
35.1 512 -95.144414206714 0.39893113936535
35.2 512 -95.144414206739 0.39974305652486
35.3 512 -95.144414206769 0.40055738709778
35.4 512 -95.144414206807 0.40137401783363
35.5 512 -95.144414206853 0.40219283143089
35.6 512 -95.144414206897 0.40301370208997
35.7 512 -95.144414206942 0.403836499292
35.8 512 -95.144414206997 0.40466108695738
35.9 512 -95.144414207062 0.40548734244937
36 512 -95.14441420714 0.40631518005296
36.1 512 -95.144414207245 0.40714453700321
36.2 512 -95.144414207351 0.40797521513986
36.3 512 -95.144414207457 0.40880711888966
36.4 512 -95.144414207573 0.40964014655601
36.5 512 -95.144414207687 0.41047417221422
36.6 512 -95.144414207797 0.41130908393372
36.7 512 -95.144414207903 0.41214471991016
36.8 512 -95.144414208002 0.41298094250359
36.9 512 -95.144414208101 0.41381767118738
37 512 -95.1444142082 0.4146547754312
37.1 512 -95.144414208308 0.41549213873003
37.2 512 -95.1444142084 0.41632953784484
37.3 512 -95.144414208492 0.41716691612503
37.4 512 -95.144414208586 0.41800414464882
37.5 512 -95.144414208678 0.41884109798762
37.6 512 -95.144414208774 0.4196776545794
37.7 512 -95.144414208864 0.42051367255314
37.8 512 -95.144414208947 0.42134905529715
37.9 512 -95.144414209019 0.422183704869
38 512 -95.144414209081 0.42301754654791
38.1 512 -95.14441420913 0.42385053291529
38.2 512 -95.144414209163 0.42468255359976
38.3 512 -95.144414209183 0.4255135588319
38.4 512 -95.144414209206 0.42634340338344
38.5 512 -95.144414209226 0.42717198934176
38.6 512 -95.144414209249 0.4279992198042
38.7 512 -95.144414209269 0.42882499899281
38.8 512 -95.144414209294 0.4296492324505
38.9 512 -95.144414209318 0.43047182727697
39 512 -95.144414209342 0.43129269234439
39.1 512 -95.144414209373 0.43211176362542
39.2 512 -95.14441420939 0.43292891767754
39.3 512 -95.144414209409 0.43374408391891
39.4 512 -95.144414209433 0.4345571552012
39.5 512 -95.144414209457 0.43536806970276
39.6 512 -95.144414209484 0.43617674779878
39.7 512 -95.144414209503 0.43698311170082
39.8 512 -95.144414209529 0.43778708546917
39.9 512 -95.144414209556 0.4385885761252
40 512 -95.144414209594 0.43938753333227
40.1 512 -95.144414209643 0.44018394938771
40.2 512 -95.144414209681 0.44097770437751
40.3 512 -95.144414209719 0.44176875033646
40.4 512 -95.144414209751 0.44255697750501
40.5 512 -95.144414209781 0.44334234332753
40.6 512 -95.144414209812 0.44412477915991
40.7 512 -95.14441420984 0.44490416758151
40.8 512 -95.144414209865 0.44568048877271
40.9 512 -95.144414209889 0.44645367880264
41 512 -95.144414209916 0.44722367461415
41.1 512 -95.144414209948 0.44799044165168
41.2 512 -95.144414209975 0.44875386318273
41.3 512 -95.144414210002 0.44951390451167
41.4 512 -95.144414210028 0.45027050560809
41.5 512 -95.144414210053 0.45102360721217
41.6 512 -95.144414210087 0.45177320160419
41.7 512 -95.144414210136 0.45251927313857
41.8 512 -95.144414210208 0.45326185815313
41.9 512 -95.144414210307 0.45400085657747
42 512 -95.144414210412 0.45473603415194
42.1 512 -95.144414210522 0.455467338156
42.2 512 -95.144414210626 0.45619466232035
42.3 512 -95.144414210732 0.45691799817251
42.4 512 -95.144414210839 0.45763730065684
42.5 512 -95.14441421094 0.45835253636122
42.6 512 -95.144414211038 0.45906367668542
42.7 512 -95.144414211134 0.45977068639338
42.8 512 -95.144414211232 0.46047353285478
42.9 512 -95.144414211328 0.46117218236991
43 512 -95.144414211424 0.46186659982601
43.1 512 -95.14441421153 0.46255678408556
43.2 512 -95.144414211624 0.46324263024577
43.3 512 -95.144414211723 0.46392413219437
43.4 512 -95.144414211822 0.4646012507228
43.5 512 -95.144414211917 0.46527390556559
43.6 512 -95.144414212012 0.46594209359393
43.7 512 -95.144414212101 0.46660573063009
43.8 512 -95.144414212187 0.46726477017322
43.9 512 -95.14441421225 0.46791904735848
44 512 -95.144414212286 0.4685684812215
44.1 512 -95.144414212313 0.46921317689146
44.2 512 -95.144414212334 0.46985309357655
44.3 512 -95.144414212354 0.47048822469263
44.4 512 -95.144414212376 0.47111853100481
44.5 512 -95.144414212399 0.47174397388485
44.6 512 -95.144414212419 0.47236451538355
44.7 512 -95.144414212443 0.47298011838824
44.8 512 -95.144414212465 0.47359074677238
44.9 512 -95.144414212486 0.47419636551502
45 512 -95.144414212507 0.47479694077664
45.1 512 -95.144414212536 0.47539247889333
45.2 512 -95.14441421256 0.47598287176769
45.3 512 -95.14441421258 0.47656812720359
45.4 512 -95.144414212611 0.47714822746914
45.5 512 -95.144414212675 0.47772316432377
45.6 512 -95.144414212774 0.47829295441531
45.7 512 -95.144414212878 0.47885753446527
45.8 512 -95.14441421298 0.47941689339702
45.9 512 -95.144414213084 0.47997101948677
46 512 -95.144414213188 0.48051989513979
46.1 512 -95.144414213302 0.48106353968974
46.2 512 -95.144414213403 0.48160185167836
46.3 512 -95.144414213506 0.48213485018924
46.4 512 -95.144414213604 0.48266247521792
46.5 512 -95.1444142137 0.48318474415725
46.6 512 -95.144414213795 0.48370164088242
46.7 512 -95.144414213892 0.48421314968348
46.8 512 -95.144414213988 0.4847192547657
46.9 512 -95.144414214086 0.48521993997977
47 512 -95.144414214182 0.48571518871123
47.1 512 -95.144414214285 0.48620502449023
47.2 512 -95.144414214388 0.48668935491962
47.3 512 -95.144414214478 0.4871681544748
47.4 512 -95.144414214575 0.48764145472937
47.5 512 -95.144414214669 0.48810924146073
47.6 512 -95.144414214762 0.48857147413766
47.7 512 -95.144414214847 0.48902815562818
47.8 512 -95.144414214936 0.48947931208266
47.9 512 -95.14441421502 0.48992494607532
48 512 -95.14441421511 0.49036506478577
48.1 512 -95.144414215204 0.49079971656322
48.2 512 -95.144414215295 0.4912288408895
48.3 512 -95.144414215382 0.49165249036244
48.4 512 -95.144414215471 0.49207068033261
48.5 512 -95.144414215564 0.49248342391248
48.6 512 -95.144414215664 0.49289073826442
48.7 512 -95.144414215764 0.49329264338564
48.8 512 -95.144414215861 0.4936891555907
48.9 512 -95.14441421596 0.49408029362746
49 512 -95.144414216058 0.49446607967641
49.1 512 -95.144414216165 0.49484657901288
49.2 512 -95.144414216263 0.49522174067419
49.3 512 -95.144414216356 0.49559158540188
49.4 512 -95.144414216441 0.49595611919278
49.5 512 -95.14441421651 0.49631522612107
49.6 512 -95.144414216537 0.49666860237402
49.7 512 -95.144414216558 0.49701659862538
49.8 512 -95.144414216578 0.49735930280077
49.9 512 -95.1444142166 0.49769673248025
50 512 -95.144414216619 0.49802890498254
50.1 512 -95.14441421665 0.49835588016472
50.2 512 -95.144414216672 0.49867759126223
50.3 512 -95.144414216693 0.49899409535445
50.4 512 -95.144414216714 0.49930540793009
50.5 512 -95.144414216735 0.49961154456778
50.6 512 -95.144414216755 0.49991252108352
50.7 512 -95.144414216779 0.50020835356016
50.8 512 -95.144414216801 0.50049905837613
50.9 512 -95.144414216827 0.50078473685008
51 512 -95.144414216862 0.50106539861081
51.1 512 -95.144414216931 0.50134132648975
51.2 512 -95.144414217023 0.50161252278373
51.3 512 -95.144414217124 0.50187863553299
51.4 512 -95.144414217231 0.50213964320176
51.5 512 -95.144414217333 0.50239550465293
51.6 512 -95.144414217437 0.50264623052395
51.7 512 -95.144414217538 0.50289183842975
51.8 512 -95.144414217639 0.50313235382689
