0 29 -31.48201474765 0.99993355898385
0.1 42 -31.482015860617 0.99986539250136
0.2 42 -31.482015860699 0.99966101963448
0.3 42 -31.482015860783 0.99932081980769
0.4 42 -31.482015860873 0.99884542320259
0.5 42 -31.482015860964 0.99823570690027
0.6 42 -31.482015861067 0.99749278967436
0.7 42 -31.482015861183 0.99661802544431
0.8 42 -31.482015861313 0.99561299567169
0.9 42 -31.482015861455 0.99447950042557
1 42 -31.482015861611 0.99321954823485
1.1 55 -31.482015861745 0.99183535682201
1.2 55 -31.482015861867 0.99032931065823
1.3 55 -31.48201586199 0.98870397024137
1.4 55 -31.482015862117 0.98696205365594
1.5 55 -31.482015862249 0.98510642159882
1.6 55 -31.482015862388 0.98314006269726
1.7 55 -31.482015862534 0.98106607838791
1.8 55 -31.482015862684 0.97888766758741
1.9 55 -31.482015862836 0.97660811033058
2 55 -31.482015862987 0.97423075229329
2.1 69 -31.48201586312 0.9717589918585
2.2 69 -31.482015863245 0.96919621514039
2.3 69 -31.482015863368 0.96654588576779
2.4 69 -31.482015863494 0.96381146724067
2.5 69 -31.482015863621 0.9609964129976
2.6 69 -31.482015863753 0.95810415873521
2.7 69 -31.482015863888 0.95513811115943
2.8 69 -31.482015864026 0.95210163766141
2.9 69 -31.482015864153 0.94899802699759
3 69 -31.482015864283 0.94583056206388
3.1 85 -31.482015864453 0.94260255106257
3.2 85 -31.482015864618 0.93931694836551
3.3 85 -31.482015864781 0.9359768143753492
3.4 85 -31.482015864941 0.93258509985941
3.5 85 -31.482015865097 0.92914466740416
3.6 85 -31.482015865245 0.92565825735438
3.7 85 -31.482015865389 0.92212853234097
3.8 85 -31.482015865531 0.91855804511538
3.9 85 -31.482015865668 0.91494923545314
4 85 -31.482015865801 0.91130443090054
4.1 100 -31.482015865928 0.90762582480105
4.2 100 -31.482015866045 0.90391550847499
4.3 100 -31.482015866151 0.90017550680791
4.4 100 -31.48201586625 0.89640776066801
4.5 100 -31.482015866344 0.89261408461279
4.6 100 -31.482015866432 0.88879619452268
4.7 100 -31.482015866514 0.88495570808247
4.8 100 -31.482015866594 0.88109416367056
4.9 100 -31.482015866671 0.87721299019968
5 100 -31.482015866743 0.87331350801157
5.1 116 -31.482015866847 0.86939727820657
5.2 116 -31.482015866956 0.86546528508051
5.3 116 -31.482015867065 0.86151856895544
5.4 116 -31.482015867175 0.85755814608098
5.5 116 -31.482015867284 0.85358495833861
5.6 116 -31.482015867393 0.84959987728627
5.7 116 -31.482015867499 0.84560370706583
5.8 116 -31.482015867601 0.84159718594561
5.9 116 -31.482015867699 0.83758099236431
6 116 -31.48201586779 0.83355571386826
6.1 135 -31.482015867878 0.82952191587989
6.2 135 -31.48201586797 0.82548028381568
6.3 135 -31.482015868063 0.82143129639865
6.4 135 -31.482015868155 0.81737543627543
6.5 135 -31.482015868244 0.81331313843258
6.6 135 -31.48201586833 0.80924484155322
6.7 135 -31.482015868417 0.80517099269881
6.8 135 -31.482015868502 0.80109200326166
6.9 135 -31.482015868586 0.79700827616456
7 135 -31.48201586867 0.79292020885152
7.1 156 -31.482015868773 0.78882838829557
7.2 156 -31.482015868869 0.78473295841976
7.3 156 -31.482015868962 0.78063435112403
7.4 156 -31.482015869051 0.77653297005221
7.5 156 -31.482015869137 0.7724292270265
7.6 156 -31.482015869223 0.76832358702134
7.7 156 -31.482015869307 0.76421644174512
7.8 156 -31.482015869392 0.76010828271211
7.9 156 -31.482015869475 0.75599953598773
8 156 -31.482015869559 0.75189072277366
8.1 177 -31.482015869643 0.74778234375254961
8.2 177 -31.482015869722 0.7436748446702
8.3 177 -31.482015869805 0.7395688299635
8.4 177 -31.482015869887 0.73546481137631
8.5 177 -31.482015869972 0.73136337369124
8.6 177 -31.482015870061 0.7272651183096
8.7 177 -31.482015870154 0.72317062000164
8.8 177 -31.482015870251 0.71908049670419
8.9 177 -31.482015870348 0.71499533029714
9 177 -31.482015870447 0.71091576109123
9.1 198 -31.482015870541 0.70684225262993
9.2 198 -31.48201587064 0.70277561923364
9.3 198 -31.482015870739 0.69871647478196
9.4 198 -31.482015870837 0.69466547281822
9.5 198 -31.482015870934 0.69062326093143
9.6 198 -31.482015871031 0.68659049177354
9.7 198 -31.482015871126 0.68256780147534
9.8 198 -31.482015871222 0.67855582943003
9.9 198 -31.482015871318 0.67455521328904
10 198 -31.482015871416 0.67056656600942
10.1 215 -31.482015871518 0.66659048566384
10.2 215 -31.482015871618 0.66262756401896
10.3 215 -31.482015871719 0.65867836944602
10.4 215 -31.482015871821 0.65474347196123
10.5 215 -31.482015871923 0.6508234296898
10.6 215 -31.482015872024 0.64691878673631
10.7 215 -31.482015872124 0.6430300718839
10.8 215 -31.482015872224 0.63915779743957
10.9 215 -31.482015872323 0.63530245830453
11 215 -31.482015872421 0.63146453129564
11.1 236 -31.48201587251 0.6276444359306
11.2 236 -31.482015872598 0.62384266068581
11.3 236 -31.482015872687 0.62005962523208
11.4 236 -31.482015872775 0.616295717999
11.5 236 -31.482015872867 0.61255132549687
11.6 236 -31.482015872962 0.60882680558845
11.7 236 -31.482015873056 0.60512248884972
11.8 236 -31.482015873153 0.60143869527942
11.9 236 -31.48201587325 0.59777572565887
12 236 -31.482015873347 0.59413386261104
12.1 258 -31.48201587345 0.59051340952671
12.2 258 -31.482015873546 0.58691455479371
12.3 258 -31.482015873643 0.58333755740233
12.4 258 -31.482015873736 0.57978262539128
12.5 258 -31.482015873829 0.57624998070158
12.6 258 -31.482015873918 0.57273981326984
12.7 258 -31.482015874004 0.56925229836907
12.8 258 -31.482015874092 0.56578762025634
12.9 258 -31.482015874179 0.56234593868887
13 258 -31.482015874269 0.55892740438983
13.1 281 -31.482015874369 0.55553215703656
13.2 281 -31.482015874466 0.55216032068154
13.3 281 -31.482015874562 0.54881202594073
13.4 281 -31.482015874659 0.54548739678633
13.5 281 -31.482015874757 0.5421865521557
13.6 281 -31.482015874855 0.53890960700239
13.7 281 -31.482015874953 0.53565667309727
13.8 281 -31.48201587505 0.53242786565576
13.9 281 -31.482015875148 0.52922328797579
14 281 -31.482015875242 0.52604306498857
14.1 304 -31.482015875333 0.52288734949509
14.2 304 -31.482015875428 0.51975614808548
14.3 304 -31.482015875522 0.51664961013135
14.4 304 -31.482015875609 0.51356788054889
14.5 304 -31.482015875693 0.51051107065485
14.6 304 -31.482015875773 0.50747929467101
14.7 304 -31.482015875848 0.50447266361955
14.8 304 -31.482015875921 0.50149127802697
14.9 304 -31.482015875992 0.49853526327833
15 304 -31.482015876061 0.49560474911137
15.1 327 -31.482015876104 0.49270004798069
15.2 327 -31.482015876133 0.48982117687992
15.3 327 -31.482015876163 0.4869681783882
15.4 327 -31.482015876193 0.48414117518109
15.5 327 -31.482015876223 0.48134029079245
15.6 327 -31.482015876253 0.47856564877206
15.7 327 -31.482015876284 0.47581737198827
15.8 327 -31.482015876315 0.47309558205392
15.9 327 -31.482015876346 0.47040039889794
16 327 -31.482015876377 0.46773194044486
16.1 351 -31.482015876414 0.46509030505734
16.2 351 -31.482015876445 0.46247564128192
16.3 351 -31.482015876477 0.45988804232899
16.4 351 -31.482015876508 0.45732761448456
16.5 351 -31.48201587654 0.45479445966191
16.6 351 -31.482015876571 0.4522886751119
16.7 351 -31.482015876601 0.4498103531666
16.8 351 -31.482015876632 0.4473595810158
16.9 351 -31.482015876663 0.44493644054865
17 351 -31.482015876693 0.44254100826851
17.1 367 -31.482015876729 0.44017333500031
17.2 367 -31.48201587676 0.43783352540592
17.3 367 -31.482015876789 0.43552161992837
17.4 367 -31.482015876818 0.43323767127958
17.5 367 -31.482015876847 0.43098172430584
17.6 367 -31.482015876875 0.42875381104797
17.7 367 -31.482015876902 0.42655393670724
17.8 367 -31.482015876929 0.42438208051574
17.9 367 -31.482015876957 0.42223824599614
18 367 -31.482015876985 0.42012246349964
18.1 375 -31.482015877016 0.41803476769256
18.2 375 -31.482015877042 0.41597516548783
18.3 375 -31.482015877069 0.41394362300369
18.4 375 -31.482015877095 0.41194011920566
18.5 375 -31.482015877122 0.40996462504948
18.6 375 -31.482015877149 0.40801710442282
18.7 375 -31.482015877177 0.40609751458388
18.8 375 -31.482015877205 0.40420580643012
18.9 375 -31.482015877233 0.40234192469849
19 375 -31.482015877261 0.40050580814663
19.1 385 -31.482015877295 0.39869736450333
19.2 385 -31.482015877324 0.39691656742804
19.3 385 -31.482015877353 0.39516331726563
19.4 385 -31.482015877381 0.39343753109138
19.5 385 -31.48201587741 0.39173912112167
19.6 385 -31.48201587744 0.3900679950934
19.7 385 -31.482015877469 0.38842405664573
19.8 385 -31.482015877498 0.38680720571457
19.9 385 -31.482015877527 0.38521733891974
20 385 -31.482015877556 0.38365434992457
20.1 408 -31.48201587759 0.38211810622974
20.2 408 -31.482015877619 0.38060854326875
20.3 408 -31.482015877648 0.37912552416758
20.4 408 -31.482015877677 0.37766893329451
20.5 408 -31.482015877706 0.37623865322329
20.6 408 -31.482015877735 0.37483456467364
20.7 408 -31.482015877763 0.37345654616192
20.8 408 -31.482015877792 0.37210447333364
20.9 408 -31.48201587782 0.37077821829009
21 408 -31.482015877849 0.369477649745
21.1 431 -31.482015877883 0.36820260726659
21.2 431 -31.482015877913 0.36695301350415
21.3 431 -31.482015877942 0.36572871801981
21.4 431 -31.482015877972 0.36452959736151
21.5 431 -31.482015878002 0.36335552994522
21.6 431 -31.482015878033 0.36220639458313
21.7 431 -31.482015878063 0.36108206955752
21.8 431 -31.482015878093 0.35998243224185
21.9 431 -31.482015878124 0.35890735904038
22 431 -31.482015878154 0.35785672546598
22.1 455 -31.48201587819 0.3568303771742
22.2 455 -31.482015878221 0.35582824696864
22.3 455 -31.482015878252 0.35485017930008
22.4 455 -31.482015878283 0.3538960472222
22.5 455 -31.482015878315 0.35296572341024
22.6 455 -31.482015878346 0.3520590801131
22.7 455 -31.482015878377 0.35117598899023
22.8 455 -31.482015878409 0.3503163208607
22.9 455 -31.482015878441 0.34947994542589
23 455 -31.482015878473 0.34866673102932
23.1 479 -31.482015878505 0.34787657662612
23.2 479 -31.482015878533 0.34710934805848
23.3 479 -31.482015878561 0.34636487758152
23.4 479 -31.482015878588 0.34564302678624
23.5 479 -31.482015878616 0.344943655652
23.6 479 -31.482015878643 0.34426662268549
23.7 479 -31.482015878671 0.34361178499772
23.8 479 -31.482015878698 0.34297899827118
23.9 479 -31.482015878726 0.34236811661005
24 479 -31.482015878754 0.34177899231312
24.1 503 -31.482015878786 0.34121145014744
24.2 503 -31.482015878814 0.34066538971166
24.3 503 -31.482015878841 0.3401406314524
24.4 503 -31.48201587887 0.33963702015242
24.5 503 -31.482015878897 0.33915439986904
24.6 503 -31.482015878926 0.33869261414059
24.7 503 -31.482015878955 0.3382515053575
24.8 503 -31.482015878983 0.33783091379163
24.9 503 -31.482015879013 0.33743067710925
25 503 -31.482015879042 0.33705063056733
25.1 512 -31.482015879076 0.33669058128221
25.2 512 -31.482015879106 0.3363504134347
25.3 512 -31.482015879136 0.33602993137217
25.4 512 -31.482015879166 0.33572896457095
25.5 512 -31.482015879196 0.33544734162877
25.6 512 -31.482015879226 0.33518489032359
25.7 512 -31.482015879256 0.33494143755637
25.8 512 -31.482015879287 0.33471680914949
25.9 512 -31.482015879316 0.3345108295103
26 512 -31.482015879347 0.33432332123794
26.1 512 -31.482015879383 0.33415403128229
26.2 512 -31.482015879414 0.3340028586683
26.3 512 -31.482015879446 0.33386961305227
26.4 512 -31.482015879477 0.33375411720864
26.5 512 -31.482015879508 0.33365619053607
26.6 512 -31.482015879539 0.33357564760367
26.7 512 -31.482015879569 0.33351229860749
26.8 512 -31.4820158796 0.33346595250906
26.9 512 -31.482015879631 0.33343641929685
27 512 -31.482015879662 0.33342351049348
27.1 512 -31.482015879697 0.33342700922562
27.2 512 -31.482015879728 0.33344678883157
27.3 512 -31.482015879759 0.33348263348863
27.4 512 -31.482015879792 0.33353435795954
27.5 512 -31.482015879824 0.33360177730173
27.6 512 -31.482015879855 0.33368471834779
27.7 512 -31.482015879883 0.333783024785
27.8 512 -31.482015879911 0.33389647325029
27.9 512 -31.482015879939 0.33402488039816
28 512 -31.482015879968 0.33416806342518
28.1 512 -31.482015880003 0.33432579936587
28.2 512 -31.482015880032 0.33449798911175
28.3 512 -31.482015880061 0.33468441057086
28.4 512 -31.482015880091 0.33488488394266
28.5 512 -31.48201588012 0.33509923076489
28.6 512 -31.482015880149 0.3353272744241
28.7 512 -31.482015880178 0.33556884070552
28.8 512 -31.482015880208 0.33582375798859
28.9 512 -31.482015880237 0.33609185644737
29 512 -31.482015880266 0.33637296600069
29.1 512 -31.482015880301 0.33666688414636
29.2 512 -31.48201588033 0.33697348931467
29.3 512 -31.482015880358 0.33729257596855
29.4 512 -31.482015880386 0.33762396773922
29.5 512 -31.482015880414 0.33796748950394
29.6 512 -31.482015880442 0.33832296741153
29.7 512 -31.48201588047 0.33869022873144
29.8 512 -31.482015880497 0.33906910166304
29.9 512 -31.482015880526 0.33945941513853
30 512 -31.482015880554 0.33986099864853
30.1 512 -31.482015880588 0.34027366333088
30.2 512 -31.482015880616 0.34069727823802
30.3 512 -31.482015880644 0.34113165400935
30.4 512 -31.482015880673 0.34157662124849
30.5 512 -31.482015880701 0.34203201078013
30.6 512 -31.48201588073 0.34249765367463
30.7 512 -31.482015880758 0.34297338132016
30.8 512 -31.482015880786 0.343459025561
30.9 512 -31.482015880815 0.34395441891742
31 512 -31.482015880844 0.3444593948688
31.1 512 -31.482015880879 0.34497377499137
31.2 512 -31.482015880908 0.34549742195691
31.3 512 -31.482015880937 0.34603015911714
31.4 512 -31.48201588097 0.34657181115386
31.5 512 -31.482015881004 0.34712221661593
31.6 512 -31.48201588104 0.3476812271138
31.7 512 -31.482015881075 0.34824868055142
31.8 512 -31.48201588111 0.3488244148917
31.9 512 -31.482015881146 0.34940826900242
32 512 -31.482015881181 0.35000008353775
32.1 512 -31.482015881221 0.35059970527454
32.2 512 -31.482015881257 0.35120696889221
32.3 512 -31.482015881292 0.35182171938371
32.4 512 -31.482015881328 0.35244379451103
32.5 512 -31.482015881363 0.35307302967588
32.6 512 -31.482015881399 0.35370925995424
32.7 512 -31.482015881435 0.35435232156405
32.8 512 -31.48201588147 0.35500205242623
32.9 512 -31.482015881506 0.35565829217437
33 512 -31.482015881541 0.35632088196444
33.1 512 -31.482015881581 0.35698967079227
33.2 512 -31.482015881612 0.35766451362985
33.3 512 -31.482015881643 0.35834523495724
33.4 512 -31.482015881673 0.35903167982446
33.5 512 -31.482015881703 0.35972369373551
33.6 512 -31.482015881734 0.36042112242
33.7 512 -31.482015881765 0.36112381167773
33.8 512 -31.482015881796 0.36183160735257
33.9 512 -31.482015881827 0.36254435545066
34 512 -31.482015881858 0.36326190236803
34.1 512 -31.482015881894 0.36398410341518
34.2 512 -31.482015881925 0.36471079077682
34.3 512 -31.482015881952 0.36544182280106
34.4 512 -31.482015881979 0.36617704624194
34.5 512 -31.482015882006 0.3669163125834
34.6 512 -31.482015882033 0.3676594745657
34.7 512 -31.482015882061 0.36840638626673
34.8 512 -31.482015882088 0.36915690332728
34.9 512 -31.482015882115 0.36991088343849
35 512 -31.482015882141 0.37066818717972
35.1 512 -31.482015882173 0.37142868879292
35.2 512 -31.4820158822 0.37219223798121
35.3 512 -31.482015882227 0.37295871453018
35.4 512 -31.482015882254 0.37372798744388
35.5 512 -31.482015882281 0.37449992225568
35.6 512 -31.482015882308 0.37527438253141
35.7 512 -31.482015882335 0.37605123248496
35.8 512 -31.482015882362 0.37683033851281
35.9 512 -31.482015882389 0.37761156952164
36 512 -31.482015882416 0.37839479669536
36.1 512 -31.482015882448 0.37917990398675
36.2 512 -31.482015882475 0.3799667448526
36.3 512 -31.482015882503 0.38075520596795
36.4 512 -31.482015882526 0.38154516924358
36.5 512 -31.482015882544 0.38233651402554
36.6 512 -31.482015882561 0.38312911331501
36.7 512 -31.48201588258 0.38392284812785
36.8 512 -31.482015882598 0.38471760077518
36.9 512 -31.482015882616 0.38551325487361
37 512 -31.482015882634 0.38630969534486
37.1 512 -31.482015882657 0.38710682130601
37.2 512 -31.482015882676 0.38790449465864
37.3 512 -31.482015882695 0.38870261657754
37.4 512 -31.482015882713 0.38950107707627
37.5 512 -31.482015882732 0.39029976740174
37.6 512 -31.482015882751 0.39109858001096
37.7 512 -31.48201588277 0.39189740857275
37.8 512 -31.482015882789 0.39269614800954
37.9 512 -31.482015882808 0.39349469460894
38 512 -31.482015882826 0.39429294625347
38.1 512 -31.482015882853 0.39509082402834
38.2 512 -31.482015882876 0.39588819701797
38.3 512 -31.482015882899 0.39668498346843
38.4 512 -31.482015882923 0.39748109210899
38.5 512 -31.482015882946 0.3982764335542
38.6 512 -31.482015882967 0.39907091473967
38.7 512 -31.482015882985 0.39986444333481
38.8 512 -31.482015883003 0.40065692737812
38.9 512 -31.482015883021 0.40144827172687
39 512 -31.48201588304 0.40223838227199
39.1 512 -31.482015883063 0.40302718407704
39.2 512 -31.482015883081 0.40381455253257
39.3 512 -31.482015883099 0.40460041559787
39.4 512 -31.482015883117 0.40538468591171
39.5 512 -31.482015883135 0.40616727735956
39.6 512 -31.482015883153 0.40694810492418
39.7 512 -31.482015883171 0.4077270845872
39.8 512 -31.482015883189 0.40850413327041
39.9 512 -31.482015883208 0.40927916880697
40 512 -31.482015883231 0.41005211931265
40.1 512 -31.482015883259 0.41082291534168
40.2 512 -31.482015883284 0.41159144574905
40.3 512 -31.482015883312 0.41235765144195
40.4 512 -31.482015883341 0.41312144963237
40.5 512 -31.482015883369 0.41388276362622
40.6 512 -31.482015883398 0.41464151768791
40.7 512 -31.482015883426 0.41539763707285
40.8 512 -31.482015883454 0.41615104807837
40.9 512 -31.48201588348 0.4169016708073
41 512 -31.482015883504 0.4176494334474
41.1 512 -31.482015883531 0.41839429228141
41.2 512 -31.482015883555 0.41913614193187
41.3 512 -31.482015883578 0.41987493523611
41.4 512 -31.482015883601 0.42061060912509
41.5 512 -31.482015883619 0.42134308474541
41.6 512 -31.482015883638 0.42207232017111
41.7 512 -31.482015883656 0.42279825557975
41.8 512 -31.482015883674 0.423520829762
41.9 512 -31.482015883691 0.42423998029065
42 512 -31.48201588371 0.42495564451769
42.1 512 -31.482015883732 0.42566778098083
42.2 512 -31.48201588375 0.42637628962169
42.3 512 -31.482015883771 0.42708114030381
42.4 512 -31.482015883799 0.42778229280923
42.5 512 -31.482015883827 0.42847966662352
42.6 512 -31.482015883855 0.42917320774895
42.7 512 -31.482015883882 0.42986286362278
42.8 512 -31.48201588391 0.43054858306875
42.9 512 -31.482015883938 0.43123031625932
43 512 -31.482015883967 0.43190801468508
43.1 512 -31.482015883999 0.43258165138678
43.2 512 -31.482015884027 0.43325114042417
43.3 512 -31.482015884056 0.43391645693271
43.4 512 -31.482015884084 0.43457755752487
43.5 512 -31.482015884112 0.43523440012808
43.6 512 -31.48201588414 0.43588694401606
43.7 512 -31.482015884169 0.43653514984518
43.8 512 -31.482015884197 0.4371789796951
43.9 512 -31.482015884226 0.4378183971181
44 512 -31.482015884254 0.43845336720495
44.1 512 -31.482015884288 0.43908387811967
44.2 512 -31.482015884316 0.43970985556264
