0 33 -63.3133 0.999934
0.1 39 -63.31332044 0.9998659799
0.2 42 -63.31332044 0.9996624765
0.3 43 -63.31332044 0.9993237252
0.4 43 -63.31332044 0.9988503564
0.5 44 -63.31332044 0.998243248
0.6 44 -63.31332044 0.9975035194
0.7 44 -63.31332044 0.9966325254
0.8 44 -63.31332044 0.9956318464
0.9 45 -63.31332044 0.9945032828
1 45 -63.31332044 0.9932488458
1.1 45 -63.31332044 0.9918707401
1.2 45 -63.31332044 0.9903713468
1.3 45 -63.31332044 0.9887532204
1.4 46 -63.31332044 0.9870190707
1.5 47 -63.31332044 0.9851717485
1.6 47 -63.31332044 0.9832142304
1.7 47 -63.31332044 0.9811496038
1.8 47 -63.31332044 0.9789810513
1.9 47 -63.31332044 0.9767118359
2 47 -63.31332044 0.9743452852
2.1 48 -63.31332044 0.9718847773
2.2 48 -63.31332044 0.9693337253
2.3 48 -63.31332044 0.9666955644
2.4 48 -63.31332044 0.9639737373
2.5 48 -63.31332044 0.9611716822
2.6 48 -63.31332044 0.9582928204
2.7 48 -63.31332044 0.9553405444
2.8 48 -63.31332044 0.9523182076
2.9 48 -63.31332044 0.9492291156
3 49 -63.31332044 0.9460765144
3.1 49 -63.31332044 0.9428635843
3.2 49 -63.31332044 0.9395934326
3.3 49 -63.31332044 0.9362690864
3.4 49 -63.31332044 0.9328934871
3.5 49 -63.31332044 0.9294694856
3.6 50 -63.31332044 0.9259998382
3.7 50 -63.31332044 0.9224872031
3.8 50 -63.31332044 0.9189341377
3.9 50 -63.31332044 0.9153431007
4 50 -63.31332044 0.91171644
4.1 50 -63.31332044 0.908056401
4.2 51 -63.31332044 0.9043651245
4.3 51 -63.31332044 0.9006446467
4.4 51 -63.31332044 0.8968969008
4.5 51 -63.31332044 0.8931237165
4.6 52 -63.31332044 0.8893268241
4.7 52 -63.31332044 0.8855078553
4.8 52 -63.31332044 0.8816683461
4.9 52 -63.31332044 0.8778097389
5 53 -63.31332044 0.873933386
5.1 53 -63.31332044 0.8700405506
5.2 53 -63.31332044 0.8661324109
5.3 54 -63.31332044 0.8622100654
5.4 54 -63.31332044 0.8582745394
5.5 54 -63.31332044 0.8543267915
5.6 55 -63.31332044 0.8503677084
5.7 55 -63.31332044 0.8463981143
5.8 55 -63.31332044 0.8424187747
5.9 55 -63.31332044 0.8384304018
6 56 -63.31332044 0.8344336587
6.1 56 -63.31332044 0.830429165
6.2 56 -63.31332044 0.8264174983
6.3 56 -63.31332044 0.8223994126
6.4 56 -63.31332044 0.8183751001
6.5 56 -63.31332044 0.8143450132
6.6 57 -63.31332044 0.8103096243
6.7 57 -63.31332044 0.8062695297
6.8 57 -63.31332044 0.8022252879
6.9 57 -63.31332044 0.7981771905
7 57 -63.31332044 0.7941256388
7.1 57 -63.31332044 0.7900710439
7.2 57 -63.31332044 0.7860138169
7.3 57 -63.31332044 0.7819543721
7.4 58 -63.31332044 0.7778931271
7.5 58 -63.31332044 0.7738305076
7.6 58 -63.31332044 0.7697669485
7.7 58 -63.31332044 0.7657028958
7.8 58 -63.31332044 0.7616388061
7.9 58 -63.31332044 0.7575751514
8 59 -63.31332044 0.7535124181
8.1 59 -63.31332044 0.7494511079
8.2 59 -63.31332044 0.7453917366
8.3 59 -63.31332044 0.7413348347
8.4 59 -63.31332044 0.7372809469
8.5 59 -63.31332044 0.7332306269
8.6 59 -63.31332044 0.7291844438
8.7 59 -63.31332044 0.7251429787
8.8 59 -63.31332044 0.7211068233
8.9 59 -63.31332044 0.7170765794
9 60 -63.31332044 0.7130528566
9.1 60 -63.31332044 0.7090362715
9.2 60 -63.31332044 0.7050274458
9.3 60 -63.31332044 0.7010270044
9.4 60 -63.31332044 0.6970355744
9.5 60 -63.31332044 0.6930537826
9.6 60 -63.31332044 0.6890822541
9.7 60 -63.31332044 0.6851216111
9.8 60 -63.31332044 0.6811724701
9.9 60 -63.31332044 0.6772354416
10 60 -63.31332044 0.6733111275
10.1 60 -63.31332044 0.6694001201
10.2 60 -63.31332044 0.6655029941
10.3 60 -63.31332044 0.6616203021
10.4 60 -63.31332044 0.6577525996
10.5 61 -63.31332044 0.6539004044
10.6 61 -63.31332044 0.6500642791
10.7 61 -63.31332044 0.6462447091
10.8 61 -63.31332044 0.6424421974
10.9 61 -63.31332044 0.6386572065
11 61 -63.31332044 0.6348901925
11.1 61 -63.31332044 0.6311415892
11.2 61 -63.31332044 0.6274118261
11.3 61 -63.31332044 0.6237012892
11.4 61 -63.31332044 0.6200103814
11.5 61 -63.31332044 0.6163394493
11.6 61 -63.31332044 0.6126888338
11.7 61 -63.31332045 0.6090588569
11.8 62 -63.31332045 0.6054498172
11.9 62 -63.31332045 0.6018620124
12 62 -63.31332045 0.5982957065
12.1 62 -63.31332045 0.5947511532
12.2 62 -63.31332045 0.5912286113
12.3 62 -63.31332045 0.5877283038
12.4 63 -63.31332045 0.5842504229
12.5 63 -63.31332045 0.5807951913
12.6 63 -63.31332045 0.577362769
12.7 63 -63.31332045 0.5739533367
12.8 63 -63.31332045 0.5705670479
12.9 63 -63.31332045 0.567204055
13 63 -63.31332045 0.5638644954
13.1 63 -63.31332045 0.5605485099
13.2 64 -63.31332045 0.5572562378
13.3 64 -63.31332045 0.5539878042
13.4 64 -63.31332045 0.5507433392
13.5 64 -63.31332045 0.5475229487
13.6 64 -63.31332045 0.5443267552
13.7 64 -63.31332045 0.5411548841
13.8 64 -63.31332045 0.538007437
13.9 64 -63.31332045 0.5348845189
14 64 -63.31332045 0.5317862376
14.1 64 -63.31332045 0.5287127064
14.2 64 -63.31332045 0.525664022
14.3 64 -63.31332045 0.5226402921
14.4 64 -63.31332045 0.519641625
14.5 65 -63.31332045 0.5166681253
14.6 65 -63.31332045 0.5137199013
14.7 65 -63.31332045 0.5107970431
14.8 65 -63.31332045 0.507899674
14.9 65 -63.31332045 0.5050279091
15 65 -63.31332045 0.5021818966
15.1 65 -63.31332045 0.4993617583
15.2 65 -63.31332045 0.4965676127
15.3 65 -63.31332045 0.4937995783
15.4 65 -63.31332045 0.4910577732
15.5 65 -63.31332045 0.488342314
15.6 65 -63.31332045 0.4856533182
15.7 65 -63.31332045 0.4829909053
15.8 65 -63.31332045 0.4803551912
15.9 66 -63.31332045 0.4777462875
16 66 -63.31332045 0.4751643023
16.1 66 -63.31332045 0.4726093405
16.2 66 -63.31332045 0.4700815031
16.3 67 -63.31332045 0.4675808871
16.4 67 -63.31332045 0.465107586
16.5 67 -63.31332045 0.4626616883
16.6 67 -63.31332045 0.4602432785
16.7 68 -63.31332045 0.4578524365
16.8 68 -63.31332045 0.4554892375
16.9 68 -63.31332045 0.4531537512
17 68 -63.31332045 0.450846042
17.1 69 -63.31332045 0.4485661676
17.2 69 -63.31332045 0.4463141791
17.3 69 -63.31332045 0.4440901203
17.4 69 -63.31332045 0.441894027
17.5 70 -63.31332045 0.4397259268
17.6 70 -63.31332045 0.4375858394
17.7 70 -63.31332045 0.4354738333
17.8 70 -63.31332045 0.4333898566
17.9 70 -63.31332045 0.4313339065
18 70 -63.31332045 0.4293059735
18.1 71 -63.31332045 0.4273060431
18.2 71 -63.31332045 0.4253340953
18.3 71 -63.31332045 0.4233901054
18.4 71 -63.31332045 0.4214740436
18.5 71 -63.31332045 0.4195858753
18.6 71 -63.31332045 0.4177255589
18.7 71 -63.31332045 0.415893038
18.8 71 -63.31332045 0.4140882424
18.9 73 -63.31332045 0.412311113
19 73 -63.31332045 0.4105615881
19.1 73 -63.31332045 0.408839597
19.2 74 -63.31332046 0.407145061
19.3 74 -63.31332046 0.4054778956
19.4 74 -63.31332046 0.4038380108
19.5 75 -63.31332046 0.4022253123
19.6 75 -63.31332046 0.4006396948
19.7 75 -63.31332046 0.3990810594
19.8 75 -63.31332046 0.3975493059
19.9 75 -63.31332046 0.3960443214
20 75 -63.31332046 0.3945659972
20.1 75 -63.31332046 0.3931142176
20.2 75 -63.31332046 0.3916888697
20.3 76 -63.31332046 0.3902898371
20.4 76 -63.31332046 0.3889169999
20.5 76 -63.31332046 0.3875702388
20.6 76 -63.31332046 0.3862494334
20.7 76 -63.31332046 0.3849544614
20.8 76 -63.31332046 0.3836852016
20.9 77 -63.31332046 0.3824415314
21 78 -63.31332046 0.3812233275
21.1 78 -63.31332046 0.3800304537
21.2 78 -63.31332046 0.3788627867
21.3 78 -63.31332046 0.3777201971
21.4 78 -63.31332046 0.3766025787
21.5 78 -63.31332046 0.375509809
21.6 78 -63.31332046 0.3744417654
21.7 79 -63.31332046 0.3733983251
21.8 79 -63.31332046 0.3723793647
21.9 79 -63.31332046 0.37138476
22 79 -63.31332046 0.3704143857
22.1 80 -63.31332046 0.3694681158
22.2 80 -63.31332046 0.3685458232
22.3 80 -63.31332046 0.36764738
22.4 81 -63.31332046 0.366772657
22.5 81 -63.31332046 0.3659215239
22.6 81 -63.31332046 0.3650938497
22.7 81 -63.31332046 0.3642895019
22.8 81 -63.31332046 0.3635083469
22.9 81 -63.31332046 0.3627502498
23 82 -63.31332046 0.3620150744
23.1 82 -63.31332046 0.3613026838
23.2 82 -63.31332046 0.3606129402
23.3 82 -63.31332046 0.3599457049
23.4 82 -63.31332046 0.3593008381
23.5 82 -63.31332046 0.3586781982
23.6 83 -63.31332046 0.3580776419
23.7 83 -63.31332046 0.3574990235
23.8 83 -63.31332046 0.3569421949
23.9 85 -63.31332046 0.3564070046
24 85 -63.31332046 0.3558932984
24.1 85 -63.31332046 0.3554009186
24.2 85 -63.31332046 0.354929705
24.3 85 -63.31332046 0.3544794951
24.4 85 -63.31332046 0.3540501253
24.5 85 -63.31332046 0.3536414313
24.6 85 -63.31332047 0.3532532487
24.7 85 -63.31332047 0.3528854141
24.8 85 -63.31332047 0.3525377644
24.9 86 -63.31332047 0.3522101375
25 86 -63.31332047 0.3519023715
25.1 86 -63.31332047 0.3516143053
25.2 87 -63.31332047 0.3513457775
25.3 88 -63.31332047 0.351096626
25.4 88 -63.31332047 0.3508666877
25.5 88 -63.31332047 0.3506557977
25.6 89 -63.31332047 0.3504637899
25.7 89 -63.31332047 0.3502904959
25.8 89 -63.31332047 0.3501357449
25.9 89 -63.31332047 0.3499993634
26 89 -63.31332047 0.3498811757
26.1 89 -63.31332047 0.3497810033
26.2 89 -63.31332047 0.3496986649
26.3 90 -63.31332047 0.3496339779
26.4 90 -63.31332047 0.3495867574
26.5 90 -63.31332047 0.3495568167
26.6 90 -63.31332047 0.3495439686
26.7 90 -63.31332047 0.3495480256
26.8 91 -63.31332047 0.3495688004
26.9 91 -63.31332047 0.3496061062
27 91 -63.31332047 0.3496597574
27.1 91 -63.31332047 0.3497295843
27.2 93 -63.31332047 0.349815405
27.3 93 -63.31332047 0.3499170307
27.4 93 -63.31332047 0.350034296
27.5 94 -63.31332047 0.3501670329
27.6 94 -63.31332047 0.3503150485
27.7 94 -63.31332047 0.3504781524
27.8 95 -63.31332047 0.350656148
27.9 96 -63.31332047 0.3508488624
28 96 -63.31332047 0.3510561028
28.1 96 -63.31332047 0.3512776815
28.2 96 -63.31332047 0.3515134256
28.3 96 -63.31332047 0.3517631393
28.4 97 -63.31332047 0.3520266484
28.5 98 -63.31332047 0.3523037682
28.6 98 -63.31332047 0.3525942898
28.7 98 -63.31332047 0.3528980421
28.8 98 -63.31332047 0.3532148266
28.9 99 -63.31332047 0.3535444631
29 99 -63.31332047 0.3538867595
29.1 99 -63.31332047 0.3542415203
29.2 99 -63.31332047 0.3546085785
29.3 100 -63.31332047 0.3549877289
29.4 100 -63.31332048 0.3553787
29.5 100 -63.31332048 0.3557813034
29.6 102 -63.31332048 0.356195505
29.7 102 -63.31332048 0.3566211258
29.8 102 -63.31332048 0.3570579863
29.9 103 -63.31332048 0.357505906
30 104 -63.31332048 0.3579647043
30.1 104 -63.31332048 0.3584342003
30.2 105 -63.31332048 0.3589142129
30.3 105 -63.31332048 0.3594045611
30.4 106 -63.31332048 0.3599050637
30.5 106 -63.31332048 0.3604155392
30.6 106 -63.31332048 0.3609358069
30.7 106 -63.31332048 0.3614656869
30.8 107 -63.31332048 0.3620050013
30.9 107 -63.31332048 0.3625535738
31 108 -63.31332048 0.363111227
31.1 108 -63.31332048 0.3636777835
31.2 109 -63.31332048 0.3642530683
31.3 109 -63.31332048 0.3648369101
31.4 109 -63.31332048 0.3654291407
31.5 111 -63.31332048 0.3660295952
31.6 111 -63.31332048 0.3666381113
31.7 111 -63.31332048 0.3672545285
31.8 112 -63.31332048 0.3678786882
31.9 112 -63.31332048 0.3685104334
32 112 -63.31332048 0.3691496081
32.1 112 -63.31332048 0.3697960573
32.2 112 -63.31332048 0.3704496266
32.3 112 -63.31332048 0.3711101626
32.4 112 -63.31332048 0.3717775119
32.5 112 -63.31332048 0.3724515216
32.6 113 -63.31332048 0.3731320396
32.7 113 -63.31332048 0.3738189138
32.8 113 -63.31332048 0.3745119919
32.9 114 -63.31332048 0.3752111226
33 115 -63.31332048 0.3759161543
33.1 116 -63.31332048 0.3766269355
33.2 116 -63.31332048 0.3773433147
33.3 116 -63.31332048 0.3780651405
33.4 117 -63.31332048 0.3787922613
33.5 118 -63.31332048 0.3795245256
33.6 118 -63.31332048 0.3802617818
33.7 118 -63.31332049 0.3810038787
33.8 118 -63.31332049 0.3817506652
33.9 119 -63.31332049 0.3825019914
34 120 -63.31332049 0.3832577086
34.1 120 -63.31332049 0.3840176692
34.2 120 -63.31332049 0.3847817285
34.3 121 -63.31332049 0.3855497427
34.4 121 -63.31332049 0.3863215685
34.5 121 -63.31332049 0.3870970645
34.6 122 -63.31332049 0.3878760904
34.7 122 -63.31332049 0.3886585073
34.8 122 -63.31332049 0.3894441787
34.9 123 -63.31332049 0.3902329689
35 123 -63.31332049 0.3910247442
35.1 124 -63.31332049 0.3918193726
35.2 124 -63.31332049 0.3926167237
35.3 124 -63.31332049 0.3934167491
35.4 125 -63.31332049 0.3942194732
35.5 125 -63.31332049 0.3950246657
35.6 127 -63.31332049 0.3958321237
35.7 127 -63.31332049 0.3966416869
35.8 127 -63.31332049 0.397453206
35.9 127 -63.31332049 0.3982665455
36 127 -63.31332049 0.3990815789
36.1 127 -63.31332049 0.3998981737
36.2 128 -63.31332049 0.4007161988
36.3 128 -63.31332049 0.4015355226
36.4 129 -63.31332049 0.4023560068
36.5 129 -63.31332049 0.4031775353
36.6 129 -63.31332049 0.4039999697
36.7 129 -63.31332049 0.4048232156
36.8 130 -63.31332049 0.4056471964
36.9 130 -63.31332049 0.4064718126
37 130 -63.31332049 0.407296946
37.1 131 -63.31332049 0.4081224782
37.2 131 -63.31332049 0.4089482904
37.3 131 -63.31332049 0.4097742643
37.4 132 -63.31332049 0.4106002833
37.5 132 -63.31332049 0.4114262338
37.6 134 -63.31332049 0.4122520062
37.7 134 -63.31332049 0.4130774915
37.8 134 -63.3133205 0.4139025786
37.9 134 -63.3133205 0.4147271564
38 135 -63.3133205 0.415551116
38.1 135 -63.3133205 0.4163743521
38.2 135 -63.3133205 0.4171967616
38.3 135 -63.3133205 0.4180182438
38.4 136 -63.3133205 0.4188386994
38.5 136 -63.3133205 0.4196580309
38.6 137 -63.3133205 0.4204761423
38.7 138 -63.3133205 0.421292939
38.8 139 -63.3133205 0.422108327
38.9 139 -63.3133205 0.4229222154
39 139 -63.3133205 0.4237345151
39.1 139 -63.3133205 0.4245451386
39.2 139 -63.3133205 0.4253540008
39.3 140 -63.3133205 0.4261610189
39.4 140 -63.3133205 0.4269661121
39.5 140 -63.3133205 0.4277692016
39.6 140 -63.3133205 0.4285702103
39.7 141 -63.3133205 0.4293690623
39.8 142 -63.3133205 0.4301656829
39.9 142 -63.3133205 0.4309599975
40 143 -63.3133205 0.4317519319
40.1 143 -63.3133205 0.4325414114
40.2 144 -63.3133205 0.4333283613
40.3 145 -63.3133205 0.4341127058
40.4 146 -63.3133205 0.4348943686
40.5 146 -63.3133205 0.4356732727
40.6 147 -63.3133205 0.4364493408
40.7 147 -63.3133205 0.4372224959
40.8 147 -63.3133205 0.4379926601
40.9 147 -63.3133205 0.4387597698
41 148 -63.3133205 0.4395237655
41.1 149 -63.3133205 0.4402845821
41.2 149 -63.3133205 0.4410421593
41.3 150 -63.3133205 0.4417964349
41.4 150 -63.3133205 0.4425473362
41.5 150 -63.3133205 0.4432947945
41.6 150 -63.3133205 0.4440387413
41.7 150 -63.3133205 0.4447790877
41.8 151 -63.31332051 0.4455157589
41.9 152 -63.31332051 0.4462487129
42 152 -63.31332051 0.4469779046
42.1 153 -63.31332051 0.4477033012
42.2 153 -63.31332051 0.4484248634
42.3 153 -63.31332051 0.4491425501
42.4 154 -63.31332051 0.4498563215
42.5 154 -63.31332051 0.4505661571
42.6 155 -63.31332051 0.4512720363
42.7 155 -63.31332051 0.4519738802
42.8 156 -63.31332051 0.4526716326
42.9 157 -63.31332051 0.4533652433
43 158 -63.31332051 0.4540546469
43.1 158 -63.31332051 0.4547397903
43.2 158 -63.31332051 0.4554206164
43.3 159 -63.31332051 0.4560970827
43.4 159 -63.31332051 0.4567691409
43.5 160 -63.31332051 0.4574367578
43.6 160 -63.31332051 0.4580998831
43.7 162 -63.31332051 0.45875848
43.8 162 -63.31332051 0.4594125215
43.9 162 -63.31332051 0.4600619514
44 163 -63.31332051 0.4607067743
44.1 164 -63.31332051 0.4613469617
44.2 165 -63.31332051 0.4619824795
44.3 165 -63.31332051 0.4626132935
44.4 165 -63.31332051 0.4632393698
44.5 166 -63.31332051 0.4638606744
44.6 166 -63.31332051 0.4644771738
44.7 167 -63.31332051 0.4650888346
44.8 168 -63.31332051 0.465695624
44.9 168 -63.31332051 0.4662975148
45 168 -63.31332051 0.4668944802
45.1 168 -63.31332051 0.4674864961
45.2 168 -63.31332051 0.4680735414
45.3 169 -63.31332051 0.468655597
45.4 170 -63.31332051 0.4692326462
45.5 170 -63.31332052 0.4698046742
45.6 171 -63.31332052 0.4703716674
45.7 172 -63.31332052 0.4709336167
45.8 172 -63.31332052 0.4714905647
45.9 173 -63.31332052 0.4720424988
46 173 -63.31332052 0.4725893674
46.1 173 -63.31332052 0.4731311556
46.2 174 -63.31332052 0.4736678354
46.3 175 -63.31332052 0.4741993866
46.4 175 -63.31332052 0.4747257955
46.5 175 -63.31332052 0.4752470517
46.6 176 -63.31332052 0.4757631415
46.7 176 -63.31332052 0.4762740575
46.8 177 -63.31332052 0.4767797913
46.9 177 -63.31332052 0.4772803391
47 179 -63.31332052 0.4777757022
47.1 179 -63.31332052 0.4782658804
47.2 180 -63.31332052 0.4787508676
47.3 181 -63.31332052 0.4792306537
47.4 181 -63.31332052 0.4797052288
47.5 181 -63.31332052 0.4801745755
47.6 181 -63.31332052 0.4806386806
47.7 181 -63.31332052 0.4810975212
47.8 182 -63.31332052 0.481551078
47.9 183 -63.31332052 0.4819993274
48 183 -63.31332052 0.4824422904
48.1 183 -63.31332052 0.4828799686
48.2 183 -63.31332052 0.4833123677
48.3 184 -63.31332052 0.4837394939
48.4 184 -63.31332052 0.484161334
48.5 185 -63.31332052 0.4845778915
48.6 185 -63.31332052 0.4849891577
48.7 186 -63.31332052 0.4853951247
48.8 187 -63.31332052 0.4857957906
48.9 187 -63.31332052 0.4861911452
49 187 -63.31332052 0.4865811851
49.1 187 -63.31332052 0.486965892
49.2 188 -63.31332053 0.4873452897
49.3 188 -63.31332053 0.4877194608
49.4 188 -63.31332053 0.4880883629
49.5 190 -63.31332053 0.4884520059
49.6 190 -63.31332053 0.4888104008
49.7 190 -63.31332053 0.4891635594
49.8 190 -63.31332053 0.4895114938
49.9 191 -63.31332053 0.4898542162
50 191 -63.31332053 0.4901917386
50.1 191 -63.31332053 0.4905240726
50.2 192 -63.31332053 0.4908512297
50.3 192 -63.31332053 0.4911732212
50.4 193 -63.31332053 0.4914900587
50.5 194 -63.31332053 0.4918017539
50.6 195 -63.31332053 0.492108319
50.7 195 -63.31332053 0.4924097662
50.8 195 -63.31332053 0.492706108
50.9 195 -63.31332053 0.492997344
51 196 -63.31332053 0.4932834404
51.1 197 -63.31332053 0.4935644319
51.2 198 -63.31332053 0.4938403533
51.3 198 -63.31332053 0.4941112433
51.4 198 -63.31332053 0.494377128
51.5 199 -63.31332053 0.4946380324
51.6 199 -63.31332053 0.4948939792
51.7 199 -63.31332053 0.4951449917
51.8 200 -63.31332053 0.4953911056
51.9 201 -63.31332053 0.4956323298
52 201 -63.31332053 0.4958686889
52.1 201 -63.31332053 0.4961001965
52.2 202 -63.31332053 0.4963268724
52.3 203 -63.31332053 0.4965487454
52.4 204 -63.31332053 0.4967658463
52.5 204 -63.31332053 0.4969782073
52.6 205 -63.31332053 0.4971858622
52.7 205 -63.31332054 0.4973888448
52.8 205 -63.31332054 0.4975871899
52.9 205 -63.31332054 0.4977809309
53 205 -63.31332054 0.4979701166
53.1 205 -63.31332054 0.4981548077
53.2 206 -63.31332054 0.4983350055
53.3 206 -63.31332054 0.4985107239
53.4 207 -63.31332054 0.4986819871
53.5 208 -63.31332054 0.4988488201
53.6 208 -63.31332054 0.4990112521
53.7 209 -63.31332054 0.4991693132
53.8 210 -63.31332054 0.4993230312
53.9 210 -63.31332054 0.4994724393
54 211 -63.31332054 0.4996175677
54.1 211 -63.31332054 0.4997584444
54.2 213 -63.31332054 0.4998950984
54.3 213 -63.31332054 0.5000275665
54.4 213 -63.31332054 0.5001558903
54.5 213 -63.31332054 0.50028012
54.6 213 -63.31332054 0.500400306
54.7 214 -63.31332054 0.5005164286
54.8 214 -63.31332054 0.5006284906
54.9 215 -63.31332054 0.5007365132
55 215 -63.31332054 0.5008405172
55.1 215 -63.31332054 0.5009405235
55.2 216 -63.31332054 0.5010365542
55.3 216 -63.31332054 0.5011286322
55.4 216 -63.31332054 0.501216782
55.5 217 -63.31332054 0.5013010294
55.6 218 -63.31332054 0.5013814012
55.7 218 -63.31332054 0.5014579259
55.8 218 -63.31332054 0.5015306461
55.9 219 -63.31332054 0.5015996229
56 220 -63.31332054 0.5016648762
56.1 220 -63.31332054 0.5017264349
56.2 220 -63.31332055 0.5017843103
56.3 221 -63.31332055 0.5018385342
56.4 221 -63.31332055 0.5018891293
56.5 222 -63.31332055 0.501936121
56.6 222 -63.31332055 0.5019795394
56.7 223 -63.31332055 0.5020194099
56.8 224 -63.31332055 0.5020557644
56.9 224 -63.31332055 0.5020886309
57 224 -63.31332055 0.5021180405
57.1 225 -63.31332055 0.5021440394
57.2 226 -63.31332055 0.5021666619
57.3 227 -63.31332055 0.5021859423
57.4 227 -63.31332055 0.5022019186
57.5 227 -63.31332055 0.5022146222
57.6 227 -63.31332055 0.5022240838
57.7 228 -63.31332055 0.5022303333
57.8 228 -63.31332055 0.5022334005
57.9 228 -63.31332055 0.502233316
58 230 -63.31332055 0.5022301107
58.1 230 -63.31332055 0.5022237686
58.2 230 -63.31332055 0.5022143069
58.3 231 -63.31332055 0.5022017872
58.4 231 -63.31332055 0.5021862789
58.5 231 -63.31332055 0.5021678248
58.6 232 -63.31332055 0.5021464649
58.7 232 -63.31332055 0.5021222406
58.8 233 -63.31332055 0.5020951903
58.9 234 -63.31332055 0.5020653527
59 234 -63.31332055 0.5020327653
59.1 235 -63.31332055 0.5019974658
59.2 235 -63.31332055 0.5019594925
59.3 235 -63.31332055 0.5019188824
59.4 235 -63.31332055 0.5018756722
59.5 236 -63.31332055 0.5018298967
59.6 237 -63.31332055 0.5017815953
59.7 238 -63.31332056 0.5017307892
59.8 238 -63.31332056 0.5016775123
59.9 239 -63.31332056 0.5016218134
60 239 -63.31332056 0.5015637303
60.1 239 -63.31332056 0.501503301
60.2 240 -63.31332056 0.5014405701
60.3 240 -63.31332056 0.5013755606
60.4 241 -63.31332056 0.5013083081
60.5 242 -63.31332056 0.5012388484
60.6 243 -63.31332056 0.5011672187
60.7 243 -63.31332056 0.5010934467
60.8 243 -63.31332056 0.5010175664
60.9 244 -63.31332056 0.5009396048
61 244 -63.31332056 0.5008595932
61.1 244 -63.31332056 0.5007775708
61.2 246 -63.31332056 0.50069357
61.3 246 -63.31332056 0.5006076232
61.4 246 -63.31332056 0.5005197624
61.5 246 -63.31332056 0.5004300193
61.6 248 -63.31332056 0.5003384254
61.7 248 -63.31332056 0.500245012
61.8 248 -63.31332056 0.5001498104
61.9 248 -63.31332056 0.5000528514
62 249 -63.31332056 0.499954166
62.1 250 -63.31332056 0.4998537848
62.2 250 -63.31332056 0.4997517385
62.3 251 -63.31332056 0.4996480598
62.4 251 -63.31332056 0.4995427778
62.5 251 -63.31332056 0.4994359178
62.6 251 -63.31332056 0.4993275018
62.7 253 -63.31332056 0.499217559
62.8 253 -63.31332056 0.4991061142
62.9 254 -63.31332056 0.4989932135
63 254 -63.31332057 0.4988788919
63.1 255 -63.31332057 0.4987631763
63.2 255 -63.31332057 0.4986460941
63.3 255 -63.31332057 0.498527669
63.4 255 -63.31332057 0.4984079345
63.5 257 -63.31332057 0.498286916
63.6 257 -63.31332057 0.4981646346
63.7 258 -63.31332057 0.4980411167
63.8 258 -63.31332057 0.4979163887
63.9 259 -63.31332057 0.4977904771
64 260 -63.31332057 0.4976634084
64.1 261 -63.31332057 0.4975352095
64.2 261 -63.31332057 0.4974059079
64.3 261 -63.31332057 0.4972755309
64.4 262 -63.31332057 0.4971441066
64.5 262 -63.31332057 0.497011663
64.6 262 -63.31332057 0.4968782286
64.7 262 -63.31332057 0.4967438318
64.8 263 -63.31332057 0.4966085013
64.9 263 -63.31332057 0.4964722655
65 264 -63.31332057 0.4963355453
65.1 264 -63.31332057 0.4961974863
65.2 265 -63.31332057 0.4960584924
65.3 265 -63.31332057 0.4959186917
65.4 266 -63.31332057 0.4957781157
65.5 266 -63.31332057 0.4956367863
65.6 266 -63.31332057 0.4954947283
65.7 267 -63.31332057 0.4953519628
65.8 267 -63.31332057 0.4952085057
65.9 267 -63.31332057 0.4950643756
66 267 -63.31332057 0.494919594
66.1 269 -63.31332057 0.4947741839
66.2 269 -63.31332057 0.4946281717
66.3 270 -63.31332057 0.4944816554
66.4 270 -63.31332058 0.4943347236
66.5 270 -63.31332058 0.4941874892
66.6 271 -63.31332058 0.4940400523
66.7 271 -63.31332058 0.4938924476
66.8 272 -63.31332058 0.4937444972
66.9 273 -63.31332058 0.4935961853
67 273 -63.31332058 0.4934475361
67.1 274 -63.31332058 0.4932985736
67.2 274 -63.31332058 0.4931493211
67.3 274 -63.31332058 0.4929995408
67.4 274 -63.31332058 0.4928494261
67.5 275 -63.31332058 0.4926993499
67.6 275 -63.31332058 0.492549162
67.7 275 -63.31332058 0.4923988485
67.8 276 -63.31332058 0.4922484412
67.9 277 -63.31332058 0.4920979651
68 278 -63.31332058 0.4919474527
68.1 279 -63.31332058 0.4917968913
68.2 279 -63.31332058 0.4916463207
68.3 280 -63.31332058 0.4914957917
68.4 281 -63.31332058 0.491345294
68.5 282 -63.31332058 0.491194817
68.6 282 -63.31332058 0.4910443471
68.7 282 -63.31332058 0.4908939004
68.8 283 -63.31332058 0.4907434951
68.9 284 -63.31332058 0.490593151
69 284 -63.31332058 0.4904428039
69.1 285 -63.31332058 0.4902924275
69.2 286 -63.31332058 0.4901420373
69.3 287 -63.31332058 0.4899914212
69.4 288 -63.31332058 0.4898409484
69.5 289 -63.31332058 0.4896906361
69.6 289 -63.31332058 0.4895405014
69.7 289 -63.31332058 0.4893905611
69.8 290 -63.31332058 0.4892408316
69.9 291 -63.31332059 0.4890913291
70 292 -63.31332059 0.4889420695
