0 39 -2.8534890038002 0.99994075899136
0.1 56 -2.8534890535595 0.99987978097597
0.2 56 -2.8534890536215 0.99969697845034
0.3 56 -2.8534890537025 0.99939274528423
0.4 56 -2.8534890537763 0.99896773592649
0.5 56 -2.8534890537914 0.99842286196924
0.6 56 -2.853489053815 0.99775928685975
0.7 56 -2.8534890538517 0.99697841856632
0.8 56 -2.8534890539081 0.99608190040554
0.9 56 -2.853489053992 0.99507160042664
1 56 -2.8534890540347 0.99394959964169
1.1 75 -2.8534890540929 0.99271817909072
1.2 75 -2.8534890540988 0.99137980577943
1.3 75 -2.8534890541048 0.9899371178727
1.4 75 -2.8534890541108 0.98839290904601
1.5 75 -2.8534890541169 0.98675011210444
1.6 75 -2.8534890541229 0.98501178212322
1.7 75 -2.853489054129 0.98318107922254
1.8 75 -2.8534890541351 0.98126125111921
1.9 75 -2.8534890541412 0.97925561559822
2 75 -2.8534890541474 0.97716754304562
2.1 95 -2.8534890541539 0.97500043972756
2.2 95 -2.8534890541602 0.97275772908253
2.3 95 -2.8534890541666 0.97044283746896
2.4 95 -2.8534890541729 0.96805917693268
2.5 95 -2.8534890541792 0.96561013022084
2.6 95 -2.8534890541856 0.96309903629471
2.7 95 -2.853489054192 0.96052917669388
2.8 95 -2.8534890541984 0.95790376282472
2.9 95 -2.8534890542048 0.95522592423563
3 95 -2.8534890542113 0.9524986979307
3.1 118 -2.853489054218 0.94972502000686
3.2 118 -2.8534890542245 0.94690771315841
3.3 118 -2.8534890542311 0.94404948458325
3.4 118 -2.8534890542377 0.94115291645762
3.5 118 -2.8534890542443 0.9382204615288
3.6 118 -2.8534890542509 0.93525443915326
3.7 118 -2.8534890542575 0.93225703245576
3.8 118 -2.8534890542641 0.9292302865849
3.9 118 -2.8534890542707 0.92617610803318
4 118 -2.8534890542773 0.92309626498433
4.1 142 -2.8534890542841 0.91999239001995
4.2 142 -2.8534890542907 0.91686597693122
4.3 142 -2.8534890542974 0.91371839200129
4.4 142 -2.853489054304 0.9105508726128
4.5 142 -2.8534890543106 0.90736453332633
4.6 142 -2.8534890543172 0.90416037133854
4.7 142 -2.8534890543238 0.90093927257774
4.8 142 -2.8534890543304 0.89770201836925
4.9 142 -2.853489054337 0.8944492926004
5 142 -2.8534890543437 0.89118168931359
5.1 167 -2.8534890543504 0.88789972290222
5.2 167 -2.8534890543571 0.88460382746065
5.3 167 -2.8534890543637 0.88129437837325
5.4 167 -2.8534890543704 0.87797169222438
5.5 167 -2.853489054377 0.87463603757891
5.6 167 -2.8534890543837 0.87128764360372
5.7 167 -2.8534890543903 0.86792670861023
5.8 167 -2.853489054397 0.86455340844713
5.9 167 -2.8534890544036 0.86116790467689
6 167 -2.8534890544103 0.85777035247189
6.1 191 -2.8534890544172 0.85436091120807
6.2 191 -2.8534890544239 0.8509397394741
6.3 191 -2.8534890544306 0.8475070199923
6.4 191 -2.8534890544373 0.84406295368546
6.5 191 -2.853489054444 0.84060776837528
6.6 191 -2.8534890544507 0.8371417238661
6.7 191 -2.8534890544575 0.83366511641511
6.8 191 -2.8534890544642 0.830178282563
6.9 191 -2.853489054471 0.82668160230544
7 191 -2.8534890544778 0.82317550159186
7.1 216 -2.8534890544847 0.81966045728525
7.2 216 -2.8534890544915 0.81613698571186
7.3 216 -2.8534890544983 0.81260566201749
7.4 216 -2.8534890545051 0.80906710733412
7.5 216 -2.8534890545119 0.80552199104931
7.6 216 -2.8534890545187 0.80197102929292
7.7 216 -2.8534890545255 0.7984149828467
7.8 216 -2.8534890545322 0.79485465452146
7.9 216 -2.853489054539 0.79129088602913
8 216 -2.8534890545458 0.78772455437481
8.1 242 -2.8534890545528 0.78415657002993
8.2 242 -2.8534890545596 0.78058786356335
8.3 242 -2.8534890545663 0.77701939435621
8.4 242 -2.853489054573 0.77345213654555
8.5 242 -2.8534890545798 0.76988707605224
8.6 242 -2.8534890545865 0.7663252051903
8.7 242 -2.8534890545932 0.76276751718455
8.8 242 -2.8534890545999 0.75921500065591
8.9 242 -2.8534890546066 0.75566863413043
9 242 -2.8534890546133 0.75212938062363
9.1 268 -2.8534890546202 0.74859818316165
9.2 268 -2.8534890546269 0.74507595634538
9.3 268 -2.8534890546335 0.74156358653252
9.4 268 -2.8534890546402 0.73806192375303
9.5 268 -2.8534890546469 0.73457177826459
9.6 268 -2.8534890546536 0.73109391656968
9.7 268 -2.8534890546603 0.72762905780776
9.8 268 -2.853489054667 0.72417787055034
9.9 268 -2.8534890546737 0.72074097002339
10 268 -2.8534890546803 0.71731891577702
10.1 295 -2.8534890546872 0.71391220971061
10.2 295 -2.8534890546939 0.71052129505226
10.3 295 -2.8534890547006 0.7071465549798
10.4 295 -2.8534890547073 0.70378831245344
10.5 295 -2.853489054714 0.70044683023043
10.6 295 -2.8534890547207 0.69712231141265
10.7 295 -2.8534890547274 0.69381490047043
10.8 295 -2.853489054734 0.69052468473345
10.9 295 -2.8534890547407 0.68725169633643
11 295 -2.8534890547474 0.68399591460454
11.1 323 -2.8534890547542 0.68075726836247
11.2 323 -2.8534890547608 0.67753564107797
11.3 323 -2.8534890547675 0.67433087152538
11.4 323 -2.8534890547741 0.67114275954779
11.5 323 -2.8534890547808 0.66797106974639
11.6 323 -2.8534890547874 0.66481553589709
11.7 323 -2.8534890547941 0.66167586559687
11.8 323 -2.8534890548007 0.65855174510236
11.9 323 -2.8534890548074 0.65544284431935
12 323 -2.853489054814 0.65234882189927
12.1 351 -2.8534890548208 0.64926932978897
12.2 351 -2.8534890548274 0.64620402080911
12.3 351 -2.853489054834 0.64315255023706
12.4 351 -2.8534890548406 0.64011458322858
12.5 351 -2.8534890548472 0.63708979918452
12.6 351 -2.8534890548538 0.63407789653433
12.7 351 -2.8534890548604 0.63107859730928
12.8 351 -2.853489054867 0.62809165146289
12.9 351 -2.8534890548735 0.62511684089799
13 351 -2.8534890548801 0.62215398316218
13.1 376 -2.8534890548869 0.61920293408609
13.2 376 -2.8534890548934 0.61626359346078
13.3 376 -2.8534890549 0.61333590344351
13.4 376 -2.8534890549066 0.6104198533296
13.5 376 -2.8534890549132 0.6075154804628
13.6 376 -2.8534890549197 0.60462287133656
13.7 376 -2.8534890549263 0.60174216220272
13.8 376 -2.8534890549328 0.59887353918258
13.9 376 -2.8534890549394 0.59601723788098
14 376 -2.8534890549459 0.59317354250897
14.1 404 -2.8534890549525 0.59034278327294
14.2 404 -2.853489054959 0.58752533952575
14.3 404 -2.8534890549655 0.58472163009238
14.4 404 -2.853489054972 0.58193211548797
14.5 404 -2.8534890549785 0.57915729362396
14.6 404 -2.853489054985 0.5763976963747
14.7 404 -2.8534890549914 0.57365388582262
14.8 404 -2.8534890549978 0.57092645022018
14.9 404 -2.8534890550042 0.56821599970973
15 404 -2.8534890550106 0.56552316184397
15.1 432 -2.8534890550171 0.56284857410811
15.2 432 -2.8534890550235 0.56019289049465
15.3 432 -2.8534890550299 0.55755675978307
15.4 432 -2.8534890550362 0.55494083193051
15.5 432 -2.8534890550425 0.55234575046343
15.6 432 -2.8534890550488 0.54977214772588
15.7 432 -2.8534890550552 0.54722064022362
15.8 432 -2.8534890550615 0.54469182409242
15.9 432 -2.8534890550678 0.54218627071776
16 432 -2.8534890550741 0.53970452253755
16.1 459 -2.8534890550806 0.53724708499396
16.2 459 -2.853489055087 0.53481443906074
16.3 459 -2.8534890550933 0.53240701348302
16.4 459 -2.8534890550997 0.53002519782323
16.5 459 -2.8534890551061 0.52766933560316
16.6 459 -2.8534890551125 0.52533972180391
16.7 459 -2.853489055119 0.52303660069949
16.8 459 -2.8534890551254 0.5207601640352
16.9 459 -2.8534890551319 0.51851054956071
17 459 -2.8534890551384 0.51628783992497
17.1 488 -2.853489055145 0.51409205741462
17.2 488 -2.8534890551515 0.51192318169024
17.3 488 -2.853489055158 0.50978112261544
17.4 488 -2.8534890551645 0.50766573875446
17.5 488 -2.853489055171 0.50557683358145
17.6 488 -2.8534890551775 0.50351415658944
17.7 488 -2.853489055184 0.50147740476169
17.8 488 -2.8534890551905 0.49946622439985
17.9 488 -2.853489055197 0.49748021330207
18 488 -2.8534890552035 0.49551892328227
18.1 512 -2.85348905521 0.49358185922063
18.2 512 -2.8534890552164 0.49166849748686
18.3 512 -2.8534890552229 0.48977826645296
18.4 512 -2.8534890552293 0.48791056560824
18.5 512 -2.8534890552357 0.48606476573751
18.6 512 -2.8534890552422 0.4842402131896
18.7 512 -2.8534890552485 0.48243623436192
18.8 512 -2.8534890552549 0.48065214037317
18.9 512 -2.8534890552613 0.47888723189585
19 512 -2.8534890552676 0.47714080411777
19.1 512 -2.8534890552741 0.4754121481216
19.2 512 -2.8534890552804 0.47370057072574
19.3 512 -2.8534890552867 0.47200537745812
19.4 512 -2.8534890552931 0.47032589243602
19.5 512 -2.8534890552994 0.46866145966803
19.6 512 -2.8534890553057 0.467011447939
19.7 512 -2.853489055312 0.46537525552675
19.8 512 -2.8534890553183 0.4637523147054
19.9 512 -2.8534890553246 0.46214209599095
20 512 -2.853489055331 0.46054411208581
20.1 512 -2.8534890553374 0.45895791793175
20.2 512 -2.8534890553438 0.45738312814251
20.3 512 -2.8534890553502 0.45581939846284
20.4 512 -2.8534890553565 0.45426644236915
20.5 512 -2.8534890553629 0.45272402938639
20.6 512 -2.8534890553692 0.45119198647813
20.7 512 -2.8534890553756 0.44967019893003
20.8 512 -2.8534890553819 0.44815861071771
20.9 512 -2.8534890553883 0.44665722435654
21 512 -2.8534890553946 0.44516610023618
21.1 512 -2.853489055401 0.4436853523188
21.2 512 -2.8534890554073 0.4422151589997
21.3 512 -2.8534890554136 0.4407557421852
21.4 512 -2.8534890554199 0.43930737724924
21.5 512 -2.8534890554262 0.43787038693865
21.6 512 -2.8534890554325 0.43644513807593
21.7 512 -2.8534890554388 0.43503203794951
21.8 512 -2.853489055445 0.43363153038647
21.9 512 -2.8534890554512 0.43224409154685
22 512 -2.8534890554575 0.43087022552824
22.1 512 -2.8534890554639 0.42951045563702
22.2 512 -2.8534890554701 0.42816533665627
22.3 512 -2.8534890554763 0.42683542498204
22.4 512 -2.8534890555639 0.42552129556794
22.5 512 -2.8534890556397 0.42422351858756
22.6 512 -2.8534890557049 0.42294266976021
22.7 512 -2.853489055761 0.42167932098304
22.8 512 -2.8534890558095 0.42043403614064
22.9 512 -2.8534890558523 0.41920736710817
23 512 -2.8534890558907 0.41799984997294
23.1 512 -2.8534890559264 0.41681199620943
23.2 512 -2.8534890559602 0.41564431052267
23.3 512 -2.8534890559932 0.41449725617338
23.4 512 -2.8534890560261 0.41337127332179
23.5 512 -2.8534890560592 0.41226677129586
23.6 512 -2.8534890560926 0.41118412639581
23.7 512 -2.8534890561266 0.41012367996281
23.8 512 -2.8534890561608 0.40908573670104
23.9 512 -2.8534890561953 0.40807056324261
24 512 -2.8534890562301 0.40707838695276
24.1 512 -2.8534890562654 0.40610938964189
24.2 512 -2.8534890563015 0.40516372822685
24.3 512 -2.8534890563391 0.40424150215575
24.4 512 -2.853489056379 0.40334277449926
24.5 512 -2.8534890564223 0.40246756646052
24.6 512 -2.8534890564701 0.40161585740275
24.7 512 -2.8534890565234 0.40078758503745
24.8 512 -2.8534890565833 0.39998264576833
24.9 512 -2.8534890566505 0.3992008951871
25 512 -2.8534890567258 0.39844214871901
25.1 512 -2.8534890568096 0.39770617763573
25.2 512 -2.8534890569021 0.39699272917869
25.3 512 -2.8534890569084 0.39630150292995
25.4 512 -2.8534890569148 0.39563215915914
25.5 512 -2.8534890569211 0.39498432737312
25.6 512 -2.8534890569274 0.39435760397432
25.7 512 -2.8534890569337 0.39375155398769
25.8 512 -2.85348905694 0.39316571295055
25.9 512 -2.8534890569462 0.39259958896476
26 512 -2.8534890569525 0.39205266490982
26.1 512 -2.8534890569588 0.39152439570801
26.2 512 -2.853489056965 0.39101423131283
26.3 512 -2.8534890569712 0.39052158860662
26.4 512 -2.8534890569774 0.39004587475445
26.5 512 -2.8534890569835 0.38958648497575
26.6 512 -2.8534890569897 0.38914280557095
26.7 512 -2.8534890569958 0.38871421703571
26.8 512 -2.8534890570019 0.38830009724184
26.9 512 -2.8534890570081 0.38789982466047
27 512 -2.8534890570142 0.38751278160112
27.1 512 -2.8534890570205 0.38713835261958
27.2 512 -2.8534890570267 0.38677594701591
27.3 512 -2.8534890570328 0.38642497291065
27.4 512 -2.853489057039 0.38608485964172
27.5 512 -2.8534890570452 0.38575505577316
27.6 512 -2.8534890570513 0.38543503179508
27.7 512 -2.8534890570575 0.38512428262941
27.8 512 -2.8534890571568 0.3848223292805
27.9 512 -2.8534890572476 0.38452872248386
28 512 -2.8534890573306 0.38424304310522
28.1 512 -2.853489057407 0.38396490006242
28.2 512 -2.8534890574777 0.38369394753299
28.3 512 -2.8534890575444 0.38342986178859
28.4 512 -2.8534890576085 0.38317235784924
28.5 512 -2.8534890576712 0.38292118571131
28.6 512 -2.8534890577334 0.38267613028389
28.7 512 -2.8534890577958 0.38243701101113
28.8 512 -2.8534890578581 0.38220368119046
28.9 512 -2.8534890579199 0.38197602700129
29 512 -2.8534890579801 0.38175396626279
29.1 512 -2.8534890580377 0.38153744311668
29.2 512 -2.8534890580914 0.38132644165997
29.3 512 -2.8534890581413 0.38112096100608
29.4 512 -2.8534890581885 0.38092102863937
29.5 512 -2.8534890582355 0.38072669440803
29.6 512 -2.853489058286 0.3805380282757
29.7 512 -2.8534890583441 0.38035511799009
29.8 512 -2.8534890584136 0.38017806668278
29.9 512 -2.8534890584198 0.38000699026356
30 512 -2.8534890584261 0.37984201508571
30.1 512 -2.8534890584325 0.37968327245669
30.2 512 -2.8534890584387 0.37953090908848
30.3 512 -2.853489058445 0.37938506554684
30.4 512 -2.8534890584513 0.37924588702034
30.5 512 -2.8534890584576 0.37911351809078
30.6 512 -2.8534890584639 0.37898810086802
30.7 512 -2.8534890584701 0.3788697732741
30.8 512 -2.8534890584764 0.37875866748658
30.9 512 -2.8534890585185 0.37865491179415
31 512 -2.8534890585934 0.37855862281257
31.1 512 -2.8534890586302 0.37846989818441
31.2 512 -2.8534890586949 0.37838884735777
31.3 512 -2.8534890587557 0.37831555023684
31.4 512 -2.8534890588131 0.37825008141364
31.5 512 -2.8534890588678 0.37819250362417
31.6 512 -2.8534890589201 0.37814286754
31.7 512 -2.8534890589706 0.37810121170863
31.8 512 -2.8534890590194 0.378067562634
31.9 512 -2.8534890590669 0.37804193498771
32 512 -2.8534890591133 0.37802433194055
32.1 512 -2.853489059139 0.37801474141248
32.2 512 -2.8534890591834 0.37801315335683
32.3 512 -2.8534890593169 0.37801954167499
32.4 512 -2.8534890594314 0.37803386199975
32.5 512 -2.8534890595311 0.37805606839445
32.6 512 -2.8534890596211 0.37808610730909
32.7 512 -2.8534890597081 0.37812391842553
32.8 512 -2.8534890597993 0.37816943552894
32.9 512 -2.8534890599024 0.37822258739508
33 512 -2.8534890600252 0.37828329868314
33.1 512 -2.853489060045 0.37835148339794
33.2 512 -2.8534890600773 0.37842707088465
33.3 512 -2.853489060108 0.37850997559211
33.4 512 -2.853489060137 0.37860011434793
33.5 512 -2.8534890601645 0.37869740410294
33.6 512 -2.8534890601903 0.3788017626625
33.7 512 -2.8534890602147 0.37891310936118
33.8 512 -2.8534890602377 0.37903136567486
33.9 512 -2.8534890602595 0.37915645576605
34 512 -2.8534890602803 0.37928830695988
34.1 512 -2.8534890602934 0.37942684894917
34.2 512 -2.853489060313 0.37957201895698
34.3 512 -2.8534890603325 0.37972375471435
34.4 512 -2.8534890603523 0.3798819995323
34.5 512 -2.8534890603728 0.38004670119607
34.6 512 -2.8534890603945 0.38021781201828
34.7 512 -2.8534890604179 0.38039528882798
34.8 512 -2.8534890604435 0.38057909289998
34.9 512 -2.8534890604721 0.38076918982997
35 512 -2.853489060504 0.38096554936177
35.1 512 -2.8534890605264 0.38116814560313
35.2 512 -2.853489060567 0.38137695511098
35.3 512 -2.8534890606127 0.38159195905319
35.4 512 -2.8534890606642 0.38181314134423
35.5 512 -2.8534890607218 0.38204048873092
35.6 512 -2.8534890607861 0.38227399049251
35.7 512 -2.8534890608576 0.38251363814413
35.8 512 -2.8534890608981 0.38275942894296
35.9 512 -2.8534890609042 0.38301135826579
36 512 -2.8534890609103 0.38326941902191
36.1 512 -2.8534890609165 0.38353360708642
36.2 512 -2.8534890609226 0.38380392477226
36.3 512 -2.8534890609286 0.38408036955547
36.4 512 -2.8534890609346 0.38436294125257
36.5 512 -2.8534890610376 0.38465164492371
36.6 512 -2.8534890611249 0.38494647475715
36.7 512 -2.8534890611993 0.38524743079798
36.8 512 -2.8534890612634 0.38555451271635
36.9 512 -2.8534890613194 0.38586771953497
37 512 -2.853489061369 0.38618704932206
37.1 512 -2.8534890614139 0.38651249695352
37.2 512 -2.8534890614548 0.38684406130087
37.3 512 -2.8534890614928 0.38718173332982
37.4 512 -2.8534890615285 0.38752550322842
37.5 512 -2.8534890615625 0.38787535787397
37.6 512 -2.8534890615952 0.38823128014349
37.7 512 -2.853489061627 0.3885932481432
37.8 512 -2.8534890616586 0.38896123435957
37.9 512 -2.8534890616904 0.38933520473864
38 512 -2.853489061723 0.38971511770404
38.1 512 -2.8534890617574 0.39010092159024
38.2 512 -2.8534890617935 0.39049255978478
38.3 512 -2.853489061832 0.39088996030503
38.4 512 -2.8534890618731 0.39129304100973
38.5 512 -2.8534890619168 0.39170170695861
38.6 512 -2.853489061963 0.39211584937232
38.7 512 -2.8534890620112 0.39253534464007
38.8 512 -2.8534890620607 0.39296005340833
38.9 512 -2.8534890621111 0.39338981978163
39 512 -2.8534890621615 0.39382447066164
39.1 512 -2.8534890622115 0.3942638142542
39.2 512 -2.85348906226 0.39470764375736
39.3 512 -2.8534890623065 0.39515573117855
39.4 512 -2.8534890623508 0.39560783150935
39.5 512 -2.8534890623924 0.39606368202465
39.6 512 -2.8534890624314 0.39652300285288
39.7 512 -2.8534890624681 0.39698549779881
39.8 512 -2.8534890625031 0.39745085542457
39.9 512 -2.8534890625373 0.39791875038853
40 512 -2.8534890625719 0.39838884503377
40.1 512 -2.8534890626083 0.39886079075198
40.2 512 -2.8534890626472 0.39933423189145
40.3 512 -2.8534890626901 0.39980880515127
40.4 512 -2.8534890627376 0.4002841439082
40.5 512 -2.8534890627904 0.40075988027439
40.6 512 -2.8534890628488 0.4012356477447
40.7 512 -2.853489062913 0.40171108390888
40.8 512 -2.8534890629826 0.40218583318969
40.9 512 -2.8534890630573 0.40265954956802
41 512 -2.8534890631364 0.40313189925489
41.1 512 -2.8534890631427 0.40360256684749
41.2 512 -2.8534890631488 0.40407124707779
41.3 512 -2.8534890631548 0.40453765773928
41.4 512 -2.8534890631609 0.40500153818192
41.5 512 -2.8534890631669 0.40546265115778
41.6 512 -2.8534890631729 0.40592078437431
41.7 512 -2.8534890631789 0.40637575176781
41.8 512 -2.8534890631849 0.40682739448475
41.9 512 -2.8534890631909 0.40727558155871
42 512 -2.8534890631969 0.40772021027005
42.1 512 -2.8534890632744 0.40816120410055
42.2 512 -2.8534890633479 0.40859851824144
42.3 512 -2.8534890634176 0.40903213419521
42.4 512 -2.853489063483 0.40946205939308
42.5 512 -2.8534890635439 0.40988832653563
42.6 512 -2.8534890636 0.41031099211906
42.7 512 -2.8534890636509 0.41073013472973
42.8 512 -2.8534890636965 0.41114585315174
42.9 512 -2.8534890637367 0.41155826432776
43 512 -2.8534890637716 0.41196750120582
43.1 512 -2.8534890638019 0.412373711993
43.2 512 -2.8534890638277 0.41277705197077
43.3 512 -2.8534890638505 0.4131776899761
43.4 512 -2.8534890638719 0.41357580032752
43.5 512 -2.8534890638937 0.41397156204254
43.6 512 -2.853489063918 0.4143651566984
43.7 512 -2.8534890639467 0.41475676639928
43.8 512 -2.8534890639814 0.41514657187226
43.9 512 -2.8534890640233 0.415534750712
44 512 -2.8534890640734 0.41592147579168
44.1 512 -2.8534890641321 0.41630691555309
44.2 512 -2.8534890641987 0.41669122605121
44.3 512 -2.8534890642047 0.41707455818339
44.4 512 -2.8534890642107 0.41745705516962
44.5 512 -2.8534890642168 0.4178388490139
44.6 512 -2.8534890642228 0.41822006145806
44.7 512 -2.8534890642288 0.41860080369265
44.8 512 -2.8534890642349 0.41898117622038
44.9 512 -2.853489064241 0.41936126885834
45 512 -2.853489064247 0.41974116086366
45.1 512 -2.8534890642535 0.42012092306437
45.2 512 -2.8534890643437 0.42050061654132
45.3 512 -2.8534890644282 0.42088028668076
45.4 512 -2.8534890645057 0.42125997351862
45.5 512 -2.8534890645752 0.42163970841131
45.6 512 -2.8534890646359 0.42201951456458
45.7 512 -2.8534890646874 0.42239940758096
45.8 512 -2.85348906473 0.42277939601405
45.9 512 -2.8534890647641 0.42315948191952
46 512 -2.8534890647907 0.42353966139511
46.1 512 -2.8534890648113 0.42391992744597
46.2 512 -2.8534890648267 0.42430026115159
46.3 512 -2.8534890648386 0.42468064611603
46.4 512 -2.8534890648486 0.42506105965345
46.5 512 -2.853489064858 0.42544147555157
46.6 512 -2.8534890648684 0.42582186450765
46.7 512 -2.8534890648808 0.42620219455279
46.8 512 -2.8534890648964 0.42658243146672
46.9 512 -2.853489064916 0.42696253918542
47 512 -2.8534890649404 0.42734248020334
47.1 512 -2.8534890650021 0.42772221601044
47.2 512 -2.8534890650988 0.42810170215247
47.3 512 -2.8534890651979 0.42848090446233
47.4 512 -2.8534890652996 0.42885978362183
47.5 512 -2.8534890654038 0.4292383008306
47.6 512 -2.8534890655107 0.42961641818199
47.7 512 -2.8534890656201 0.42999409902555
47.8 512 -2.8534890657317 0.43037130831051
47.9 512 -2.8534890658452 0.43074801290322
48 512 -2.8534890659604 0.43112418187161
48.1 512 -2.8534890660567 0.43149979120867
48.2 512 -2.8534890661741 0.43187480619258
48.3 512 -2.8534890662921 0.43224920816257
48.4 512 -2.8534890664105 0.43262297692929
48.5 512 -2.8534890665289 0.43299609518969
48.6 512 -2.8534890666474 0.43336854847462
48.7 512 -2.8534890667657 0.43374032502319
48.8 512 -2.8534890668838 0.43411141558227
48.9 512 -2.8534890670017 0.43448181313116
49 512 -2.8534890671194 0.43485151253376
49.1 512 -2.8534890672081 0.43522051486056
49.2 512 -2.8534890672915 0.43558881052799
49.3 512 -2.8534890673379 0.43595640220925
49.4 512 -2.8534890673793 0.43632328521474
49.5 512 -2.8534890674159 0.43668945649364
49.6 512 -2.853489067448 0.43705491163653
49.7 512 -2.8534890674763 0.43741964424239
49.8 512 -2.8534890675015 0.43778364529587
49.9 512 -2.8534890675246 0.43814690256978
50 512 -2.8534890675465 0.43850940006587
50.1 512 -2.8534890675685 0.43887111989102
50.2 512 -2.8534890675901 0.43923203225739
50.3 512 -2.8534890676123 0.43959210933937
50.4 512 -2.8534890676352 0.4399513154479
50.5 512 -2.8534890676595 0.44030960919064
50.6 512 -2.853489067686 0.44066694342785
50.7 512 -2.8534890677162 0.44102326536837
50.8 512 -2.8534890677511 0.44137851676201
50.9 512 -2.8534890677918 0.44173263416958
51 512 -2.853489067839 0.44208554931635
51.1 512 -2.8534890678933 0.44243719226742
51.2 512 -2.8534890679535 0.44278748106579
51.3 512 -2.8534890680198 0.44313633867218
51.4 512 -2.8534890680913 0.44348368280383
51.5 512 -2.8534890681674 0.44382942939447
51.6 512 -2.853489068247 0.44417349338646
51.7 512 -2.8534890683293 0.4445157895459
51.8 512 -2.8534890684134 0.44485623328328
51.9 512 -2.8534890684986 0.44519474146256
52 512 -2.8534890685844 0.44553123318202
52.1 512 -2.8534890686712 0.44586563316081
52.2 512 -2.853489068758 0.44619786183356
52.3 512 -2.8534890688457 0.44652785180995
52.4 512 -2.8534890689349 0.44685553784831
52.5 512 -2.8534890690264 0.44718085992238
52.6 512 -2.8534890691212 0.44750376355657
52.7 512 -2.8534890691274 0.4478242038437
52.8 512 -2.8534890691336 0.4481421344925
52.9 512 -2.8534890691397 0.44845751859077
53 512 -2.8534890691459 0.44877032507567
53.1 512 -2.8534890691527 0.44908053151664
53.2 512 -2.8534890691589 0.44938811205778
53.3 512 -2.853489069165 0.449693054753
53.4 512 -2.8534890691712 0.44999534938839
53.5 512 -2.8534890691773 0.45029498995355
53.6 512 -2.8534890691835 0.45059197413236
53.7 512 -2.8534890691896 0.45088630276501
53.8 512 -2.8534890691958 0.45117797929587
53.9 512 -2.8534890692019 0.45146700922115
54 512 -2.8534890692081 0.4517533995497
54.1 512 -2.8534890692148 0.45203716100788
54.2 512 -2.8534890692209 0.45231829669112
54.3 512 -2.8534890692271 0.45259681793727
54.4 512 -2.8534890692332 0.45287273309019
54.5 512 -2.8534890692393 0.45314604990591
54.6 512 -2.8534890692455 0.453416775315
54.7 512 -2.8534890692517 0.45368491525953
54.8 512 -2.8534890692578 0.45395047460676
54.9 512 -2.853489069264 0.45421345713957
55 512 -2.8534890692702 0.45447386562182
55.1 512 -2.8534890692769 0.45473170421675
55.2 512 -2.8534890692831 0.45498696955774
55.3 512 -2.8534890692893 0.45523966472023
55.4 512 -2.8534890692954 0.45548979039532
55.5 512 -2.8534890693016 0.45573734753818
55.6 512 -2.8534890693078 0.45598233776587
55.7 512 -2.853489069314 0.45622476378164
55.8 512 -2.8534890693202 0.45646462981596
55.9 512 -2.8534890693264 0.45670194207441
56 512 -2.8534890693326 0.45693670918226
56.1 512 -2.8534890693394 0.45716894467194
56.2 512 -2.8534890693456 0.45739865915512
56.3 512 -2.8534890693518 0.45762587307472
56.4 512 -2.853489069358 0.45785060878085
56.5 512 -2.8534890693641 0.458072892887
56.6 512 -2.8534890693703 0.45829275650284
56.7 512 -2.8534890693765 0.45851023540472
56.8 512 -2.8534890693827 0.4587253701382
56.9 512 -2.8534890693888 0.45893820604775
57 512 -2.853489069395 0.45914879322951
57.1 512 -2.8534890694018 0.4593571886992
57.2 512 -2.853489069408 0.45956344698454
57.3 512 -2.8534890694141 0.45976763364782
57.4 512 -2.8534890694202 0.45996981568081
57.5 512 -2.8534890694264 0.46017006334765
57.6 512 -2.8534890694325 0.46036844963387
57.7 512 -2.8534890694387 0.46056504961192
57.8 512 -2.8534890694448 0.46075993972483
57.9 512 -2.853489069451 0.460953196991
58 512 -2.8534890694571 0.46114489813415
58.1 512 -2.8534890694639 0.46133512065539
58.2 512 -2.85348906947 0.46152393376299
58.3 512 -2.8534890694761 0.46171140945978
58.4 512 -2.8534890694823 0.46189761333295
58.5 512 -2.8534890694884 0.46208260546474
58.6 512 -2.8534890694946 0.46226643929283
58.7 512 -2.8534890695007 0.46244916046905
58.8 512 -2.8534890695068 0.46263080573172
58.9 512 -2.853489069513 0.46281140180803
59 512 -2.8534890695191 0.46299096436464
59.1 512 -2.8534890695259 0.46316949892576
59.2 512 -2.8534890695321 0.46334699235328
59.3 512 -2.8534890695383 0.46352342354262
59.4 512 -2.8534890695444 0.46369875508414
59.5 512 -2.8534890695506 0.46387293467376
59.6 512 -2.8534890695567 0.46404589475462
59.7 512 -2.8534890695629 0.46421755233198
59.8 512 -2.853489069569 0.4643878089775
59.9 512 -2.8534890695751 0.4645565510379
60 512 -2.8534890695812 0.46472365005958
60.1 512 -2.8534890695881 0.4648889657936
60.2 512 -2.8534890695941 0.46505233761821
60.3 512 -2.8534890696002 0.46521359984737
60.4 512 -2.8534890696062 0.4653725735507
60.5 512 -2.8534890696123 0.46552907045785
60.6 512 -2.8534890696183 0.46568289467803
60.7 512 -2.8534890696243 0.46583384459672
60.8 512 -2.8534890696303 0.46598171492742
60.9 512 -2.8534890696363 0.46612629889309
61 512 -2.8534890696423 0.46626739050829
61.1 512 -2.853489069649 0.46640478950092
61.2 512 -2.853489069655 0.46653829340852
61.3 512 -2.853489069661 0.46666771545398
61.4 512 -2.8534890696669 0.46679287659337
61.5 512 -2.8534890696728 0.46691361043051
61.6 512 -2.8534890697598 0.46702976472358
61.7 512 -2.8534890698431 0.46714120538757
61.8 512 -2.8534890699228 0.4672478167745
61.9 512 -2.8534890699987 0.4673495038208
62 512 -2.8534890701063 0.4674461961943
62.1 512 -2.853489070208 0.46753784395312
62.2 512 -2.8534890703359 0.46762441899051
62.3 512 -2.8534890704563 0.46770592020271
62.4 512 -2.8534890705711 0.46778237160507
62.5 512 -2.8534890706817 0.46785382215618
62.6 512 -2.8534890707902 0.4679203453905
62.7 512 -2.8534890708982 0.46798203873241
62.8 512 -2.8534890709692 0.46803901934272
62.9 512 -2.8534890710018 0.46809142912414
63 512 -2.8534890710316 0.46813943313102
63.1 512 -2.85348907106 0.46818321389745
63.2 512 -2.8534890710857 0.46822296341858
63.3 512 -2.8534890711098 0.46825889459334
63.4 512 -2.8534890711326 0.46829122977147
63.5 512 -2.8534890711544 0.46832020055514
63.6 512 -2.8534890711752 0.46834604528407
63.7 512 -2.853489071195 0.46836900651659
63.8 512 -2.8534890712139 0.46838932854296
63.9 512 -2.8534890712318 0.46840725497143
64 512 -2.8534890712484 0.46842302643277
64.1 512 -2.8534890712645 0.46843688089558
64.2 512 -2.8534890712781 0.46844904192117
64.3 512 -2.8534890712907 0.46845973154201
64.4 512 -2.8534890713032 0.46846915886005
64.5 512 -2.8534890713168 0.46847752107494
64.6 512 -2.8534890713327 0.46848500233856
64.7 512 -2.8534890713521 0.46849177289145
64.8 512 -2.8534890713757 0.46849798847413
64.9 512 -2.8534890714042 0.46850379000805
65 512 -2.853489071438 0.46850930354148
65.1 512 -2.8534890714781 0.46851464282048
65.2 512 -2.8534890715226 0.46851990019865
65.3 512 -2.8534890715723 0.46852516148335
65.4 512 -2.8534890716266 0.46853049720604
65.5 512 -2.8534890716851 0.46853596590123
65.6 512 -2.8534890717472 0.46854161513105
65.7 512 -2.8534890718122 0.4685474825974
65.8 512 -2.8534890718792 0.46855359731026
65.9 512 -2.8534890719473 0.46855998078151
66 512 -2.8534890720552 0.46856665305087
66.1 512 -2.8534890721848 0.46857361906323
66.2 512 -2.8534890723231 0.46858089013612
66.3 512 -2.853489072454 0.46858846420711
66.4 512 -2.8534890725765 0.46859634224948
66.5 512 -2.85348907269 0.46860452405306
66.6 512 -2.853489072794 0.46861300897156
66.7 512 -2.8534890728881 0.4686217965549
66.8 512 -2.8534890729727 0.46863088706307
66.9 512 -2.8534890730485 0.46864028186147
67 512 -2.8534890731163 0.46864998370146
67.1 512 -2.8534890731576 0.46865999435603
67.2 512 -2.8534890732137 0.46867032484793
67.3 512 -2.8534890732662 0.4686809802142
67.4 512 -2.8534890733165 0.46869196958955
67.5 512 -2.8534890733661 0.46870330354267
67.6 512 -2.8534890734161 0.4687149939184
67.7 512 -2.8534890734676 0.46872705366187
67.8 512 -2.8534890735214 0.4687394966402
67.9 512 -2.8534890735779 0.46875233747616
68 512 -2.8534890736376 0.46876559140739
68.1 512 -2.8534890736873 0.4687792717004
68.2 512 -2.8534890737535 0.46879339952177
68.3 512 -2.8534890738225 0.46880798904444
68.4 512 -2.853489073894 0.46882305742769
68.5 512 -2.8534890739676 0.46883862244746
68.6 512 -2.8534890740426 0.46885470266327
68.7 512 -2.8534890741185 0.46887131763476
68.8 512 -2.8534890741946 0.46888848817894
68.9 512 -2.8534890742705 0.46890623665764
69 512 -2.8534890743456 0.46892458728335
69.1 512 -2.8534890744298 0.46894356234516
69.2 512 -2.8534890745027 0.46896319885855
69.3 512 -2.8534890745743 0.46898352435799
69.4 512 -2.8534890746446 0.46900457348854
69.5 512 -2.8534890747139 0.46902638414654
69.6 512 -2.8534890747824 0.46904899764118
69.7 512 -2.8534890748505 0.46907245878396
69.8 512 -2.8534890749184 0.46909681589621
69.9 512 -2.8534890749863 0.46912212072843
70 512 -2.8534890750543 0.46914842828782
70.1 512 -2.8534890751249 0.46917579154628
70.2 512 -2.8534890751932 0.46920428119074
70.3 512 -2.8534890752613 0.4692339550195
70.4 512 -2.853489075329 0.46926487751904
70.5 512 -2.8534890753961 0.46929711423603
70.6 512 -2.8534890754625 0.46933073111047
70.7 512 -2.8534890755284 0.46936579375728
70.8 512 -2.8534890755939 0.46940236671081
70.9 512 -2.8534890756597 0.46944051264815
71 512 -2.8534890757269 0.46948029160529
71.1 512 -2.853489075785 0.46952175383722
71.2 512 -2.8534890758586 0.46956496450771
71.3 512 -2.8534890759379 0.46960996478232
71.4 512 -2.8534890760248 0.46965679664276
71.5 512 -2.8534890761209 0.4697054959282
71.6 512 -2.8534890762284 0.4697560918148
71.7 512 -2.8534890763488 0.4698086063808
71.8 512 -2.8534890764837 0.46986305427342
71.9 512 -2.8534890766345 0.46991944248662
72 512 -2.8534890767065 0.46997776548097
72.1 512 -2.8534890767646 0.47003801267305
72.2 512 -2.8534890768362 0.47010018033069
72.3 512 -2.8534890769074 0.47016423869348
72.4 512 -2.8534890769781 0.47023015710475
72.5 512 -2.8534890770481 0.47029789820379
72.6 512 -2.8534890771172 0.47036741840464
72.7 512 -2.8534890771853 0.4704386684411
72.8 512 -2.8534890772524 0.47051159396531
72.9 512 -2.8534890773183 0.47058613618658
73 512 -2.8534890773829 0.47066223253708
73.1 512 -2.853489077448 0.47073981182928
73.2 512 -2.8534890775098 0.47081881703266
73.3 512 -2.8534890775701 0.47089917277748
73.4 512 -2.8534890776288 0.47098080811543
73.5 512 -2.853489077686 0.47106365158811
73.6 512 -2.8534890777415 0.47114763177812
73.7 512 -2.8534890777955 0.47123267779895
73.8 512 -2.853489077848 0.47131871971517
73.9 512 -2.8534890778989 0.47140568888626
74 512 -2.8534890779483 0.47149351822952
74.1 512 -2.8534890779766 0.47158213887957
74.2 512 -2.8534890780232 0.47167149438106
74.3 512 -2.8534890780685 0.47176151954234
74.4 512 -2.8534890781125 0.4718521545056
74.5 512 -2.8534890781554 0.47194334108384
74.6 512 -2.8534890781972 0.47203502256401
74.7 512 -2.853489078238 0.4721271434438
74.8 512 -2.8534890782779 0.47221964910795
74.9 512 -2.8534890783169 0.47231248545193
75 512 -2.8534890783552 0.47240559846171
75.1 512 -2.8534890783785 0.47249893080152
75.2 512 -2.8534890784154 0.47259243316863
75.3 512 -2.8534890784518 0.47268604601963
75.4 512 -2.8534890784876 0.47277971092177
75.5 512 -2.853489078523 0.47287336707303
75.6 512 -2.853489078558 0.47296695079873
75.7 512 -2.8534890785927 0.47306039506433
75.8 512 -2.853489078627 0.47315362901274
75.9 512 -2.8534890786612 0.47324657753436
76 512 -2.8534890786951 0.47333916087759
76.1 512 -2.8534890787167 0.47343129179814
76.2 512 -2.8534890787503 0.47352288532124
76.3 512 -2.8534890787838 0.47361384342398
76.4 512 -2.8534890788171 0.4737040649546
76.5 512 -2.8534890788503 0.47379344302692
76.6 512 -2.8534890788835 0.47388186501681
76.7 512 -2.8534890789165 0.47396921264292
76.8 512 -2.8534890789495 0.47405536213611
76.9 512 -2.8534890789823 0.47414018450113
77 512 -2.853489079015 0.47422354587346
77.1 512 -2.8534890790362 0.47430530589481
77.2 512 -2.8534890790686 0.4743853265902
77.3 512 -2.8534890791007 0.47446346051129
77.4 512 -2.8534890791327 0.47453955983083
77.5 512 -2.8534890791643 0.47461347508963
77.6 512 -2.8534890791958 0.47468505612217
77.7 512 -2.8534890792269 0.47475415306429
77.8 512 -2.8534890792579 0.47482061743563
77.9 512 -2.8534890792887 0.47488430328778
78 512 -2.8534890793193 0.47494506840746
78.1 512 -2.8534890793395 0.47500277365174
78.2 512 -2.8534890793703 0.47505729187577
78.3 512 -2.8534890794014 0.47510849772545
78.4 512 -2.8534890794331 0.47515627659466
78.5 512 -2.8534890794656 0.47520052396376
78.6 512 -2.8534890794992 0.47524114661651
78.7 512 -2.8534890795344 0.47527806379402
78.8 512 -2.8534890795714 0.47531120826557
78.9 512 -2.8534890796107 0.47534052729684
79 512 -2.8534890796527 0.4753659834967
79.1 512 -2.853489079681 0.47538755349624
79.2 512 -2.8534890797296 0.47540523662413
79.3 512 -2.8534890797822 0.4754190430959
79.4 512 -2.853489079839 0.47542900235698
79.5 512 -2.8534890799003 0.47543516106026
79.6 512 -2.8534890799664 0.47543758288584
79.7 512 -2.8534890800373 0.47543634816274
79.8 512 -2.8534890801133 0.47543155329316
79.9 512 -2.8534890801556 0.47542330628451
80 512 -2.8534890801616 0.47541173312912
80.1 512 -2.8534890801891 0.47539697669506
80.2 512 -2.8534890801951 0.47537918812806
80.3 512 -2.8534890802011 0.47535852899603
80.4 512 -2.8534890802072 0.47533516971046
80.5 512 -2.8534890802132 0.47530928783378
80.6 512 -2.8534890802193 0.47528106631081
80.7 512 -2.8534890802254 0.4752506916515
80.8 512 -2.8534890802314 0.4752183520924
80.9 512 -2.8534890802375 0.47518423576499
81 512 -2.8534890802436 0.47514852889891
81.1 512 -2.8534890802631 0.4751114141602
81.2 512 -2.8534890803474 0.47507306949012
81.3 512 -2.8534890804176 0.47503366457098
81.4 512 -2.853489080474 0.47499336170447
81.5 512 -2.8534890805174 0.47495231374679
81.6 512 -2.8534890805494 0.47491066303683
81.7 512 -2.8534890805719 0.47486854050898
81.8 512 -2.8534890805874 0.47482606500291
81.9 512 -2.8534890805988 0.47478334279036
82 512 -2.853489080608 0.47474046740357
82.1 512 -2.8534890806335 0.47469751974051
82.2 512 -2.8534890806425 0.47465456746232
82.3 512 -2.8534890806566 0.47461166612278
82.4 512 -2.8534890806786 0.47456885947724
82.5 512 -2.8534890807101 0.47452618024979
82.6 512 -2.8534890807527 0.4744836509864
82.7 512 -2.8534890808071 0.47444128505565
82.8 512 -2.8534890808738 0.47439908776768
82.9 512 -2.8534890809527 0.47435705758747
83 512 -2.8534890810434 0.47431518741862
83.1 512 -2.8534890811003 0.47427346561591
83.2 512 -2.8534890811877 0.47423188340979
83.3 512 -2.8534890812717 0.47419041956862
83.4 512 -2.8534890813523 0.47414905820133
83.5 512 -2.8534890814294 0.4741077845303
83.6 512 -2.8534890815028 0.47406658612941
83.7 512 -2.8534890815726 0.47402545408886
83.8 512 -2.8534890816387 0.47398438409289
83.9 512 -2.8534890817012 0.47394337739879
84 512 -2.85348908176 0.47390244170759
84.1 512 -2.8534890818045 0.47386158699539
84.2 512 -2.8534890818564 0.47382084583541
84.3 512 -2.8534890819052 0.47378024439197
84.4 512 -2.853489081951 0.47373982247943
84.5 512 -2.8534890819941 0.47369962891178
84.6 512 -2.8534890820348 0.47365972164814
84.7 512 -2.8534890820735 0.4736201678221
84.8 512 -2.8534890821105 0.47358104365907
84.9 512 -2.8534890821463 0.47354243428614
85 512 -2.8534890821812 0.47350443343893
85.1 512 -2.8534890822144 0.47346713888229
85.2 512 -2.8534890822491 0.47343066866456
85.3 512 -2.8534890822844 0.47339513543629
85.4 512 -2.8534890823207 0.47336066251202
85.5 512 -2.8534890823586 0.47332737893584
85.6 512 -2.8534890823984 0.47329541864399
85.7 512 -2.8534890824404 0.47326491954475
85.8 512 -2.8534890824849 0.47323602251629
85.9 512 -2.8534890825321 0.47320887032358
86 512 -2.8534890825819 0.47318360645539
86.1 512 -2.8534890826328 0.47316036828267
86.2 512 -2.8534890826876 0.47313930813606
86.3 512 -2.8534890827445 0.47312055835105
86.4 512 -2.8534890828034 0.47310425218666
86.5 512 -2.8534890828639 0.47309051672695
86.6 512 -2.8534890829261 0.47307947131972
86.7 512 -2.8534890829898 0.47307122597179
86.8 512 -2.8534890830552 0.47306587971152
86.9 512 -2.8534890831225 0.47306351893197
87 512 -2.853489083192 0.47306421573051
87.1 512 -2.8534890832542 0.47306801845728
87.2 512 -2.8534890833294 0.4730749813311
87.3 512 -2.8534890834081 0.47308511604987
87.4 512 -2.8534890834909 0.47309842155069
87.5 512 -2.8534890835784 0.473114874845
87.6 512 -2.853489083671 0.47313442979689
87.7 512 -2.8534890837693 0.47315701606386
87.8 512 -2.8534890838228 0.47318253081955
87.9 512 -2.8534890838288 0.47321085297339
88 512 -2.8534890838347 0.47324184265725
88.1 512 -2.8534890838537 0.47327532635703
88.2 512 -2.8534890838596 0.47331110399327
88.3 512 -2.8534890838655 0.47334894999159
88.4 512 -2.8534890839286 0.47338861565453
88.5 512 -2.8534890839781 0.47342982361442
88.6 512 -2.8534890840156 0.47347227614251
88.7 512 -2.8534890840431 0.47351565434766
88.8 512 -2.8534890840626 0.47355962009124
88.9 512 -2.8534890840764 0.47360381818367
89 512 -2.8534890840869 0.47364787885417
89.1 512 -2.8534890841065 0.4736914210554
89.2 512 -2.8534890841167 0.47373405304592
89.3 512 -2.8534890841287 0.47377537885075
89.4 512 -2.8534890841431 0.47381499905144
89.5 512 -2.8534890841603 0.47385251479611
89.6 512 -2.8534890841808 0.47388753138324
89.7 512 -2.8534890842049 0.47391966170661
89.8 512 -2.853489084233 0.47394852958809
89.9 512 -2.8534890842647 0.47397377303292
90 512 -2.8534890842998 0.47399504736947
90.1 512 -2.8534890843439 0.47401202894338
90.2 512 -2.8534890843843 0.47402441499547
90.3 512 -2.8534890844265 0.47403193048531
90.4 512 -2.8534890844697 0.47403432745453
