0 29 -31.482 0.999934
0.1 34 -31.48201586 0.9998653926
0.2 35 -31.48201586 0.9996610204
0.3 35 -31.48201586 0.9993208231
0.4 37 -31.48201586 0.9988454329
0.5 37 -31.48201586 0.9982357298
0.6 38 -31.48201586 0.9974928363
0.7 39 -31.48201586 0.9966181107
0.8 39 -31.48201586 0.9956131388
0.9 40 -31.48201586 0.9944797244
1 40 -31.48201586 0.993219879
1.1 41 -31.48201586 0.9918358102
1.2 41 -31.48201586 0.9903299103
1.3 41 -31.48201586 0.9887047411
1.4 41 -31.48201586 0.9869630214
1.5 41 -31.48201586 0.9851076127
1.6 43 -31.48201586 0.9831414995
1.7 43 -31.48201586 0.9810677772
1.8 43 -31.48201586 0.9788896402
1.9 44 -31.48201586 0.9766103613
2 44 -31.48201586 0.9742332733
2.1 44 -31.48201586 0.9717617671
2.2 44 -31.48201586 0.9691992658
2.3 44 -31.48201586 0.9665492083
2.4 44 -31.48201586 0.9638150497
2.5 44 -31.48201586 0.9610002214
2.6 44 -31.48201586 0.9581081616
2.7 44 -31.48201586 0.9551422595
2.8 45 -31.48201586 0.9521058721
2.9 45 -31.48201586 0.9490023126
3 45 -31.48201586 0.9458348214
3.1 45 -31.48201586 0.942606563
3.2 45 -31.48201586 0.93932064
3.3 45 -31.48201586 0.9359800294
3.4 45 -31.48201586 0.9325877111
3.5 46 -31.48201587 0.9291465197
3.6 46 -31.48201587 0.9256591949
3.7 46 -31.48201587 0.9221284048
3.8 46 -31.48201587 0.9185566871
3.9 46 -31.48201587 0.9149465093
4 46 -31.48201587 0.911300194
4.1 46 -31.48201587 0.9076199818
4.2 46 -31.48201587 0.9039079943
4.3 46 -31.48201587 0.9001663016
4.4 47 -31.48201587 0.8963968553
4.5 47 -31.48201587 0.8926014478
4.6 47 -31.48201587 0.8887817844
4.7 47 -31.48201587 0.8849394883
4.8 47 -31.48201587 0.8810760917
4.9 48 -31.48201587 0.8771930219
5 48 -31.48201587 0.8732915962
5.1 48 -31.48201587 0.8693730936
5.2 48 -31.48201587 0.8654385443
5.3 48 -31.48201587 0.8614890542
5.4 48 -31.48201587 0.857525744
5.5 49 -31.48201587 0.8535495605
5.6 49 -31.48201587 0.8495613636
5.7 49 -31.48201587 0.8455619355
5.8 49 -31.48201587 0.8415520783
5.9 50 -31.48201587 0.8375325144
6 50 -31.48201587 0.8335037472
6.1 50 -31.48201587 0.8294665232
6.2 50 -31.48201587 0.8254214326
6.3 51 -31.48201587 0.8213689692
6.4 51 -31.48201587 0.8173096719
6.5 51 -31.48201587 0.8132440222
6.6 51 -31.48201587 0.809172532
6.7 51 -31.48201587 0.8050955733
6.8 51 -31.48201587 0.8010136335
6.9 51 -31.48201587 0.7969271165
7 52 -31.48201587 0.7928363621
7.1 52 -31.48201587 0.7887417565
7.2 52 -31.48201587 0.7846437154
7.3 52 -31.48201587 0.7805426651
7.4 53 -31.48201587 0.7764390459
7.5 53 -31.48201587 0.7723332865
7.6 53 -31.48201587 0.7682258114
7.7 53 -31.48201587 0.7641170933
7.8 53 -31.48201587 0.7600075647
7.9 54 -31.48201587 0.755897742
8 54 -31.48201587 0.7517881022
8.1 54 -31.48201587 0.7476790733
8.2 54 -31.48201587 0.7435712055
8.3 55 -31.48201587 0.7394650782
8.4 55 -31.48201587 0.7353612412
8.5 55 -31.48201587 0.7312602743
8.6 56 -31.48201587 0.7271627557
8.7 56 -31.48201587 0.7230692436
8.8 56 -31.48201587 0.7189803011
8.9 56 -31.48201587 0.7148965739
9 56 -31.48201587 0.7108186913
9.1 56 -31.48201587 0.7067472931
9.2 57 -31.48201587 0.7026830222
9.3 57 -31.48201587 0.6986264885
9.4 58 -31.48201587 0.6945783047
9.5 58 -31.48201587 0.6905391128
9.6 58 -31.48201587 0.6865095309
9.7 58 -31.48201588 0.6824901842
9.8 59 -31.48201588 0.6784817073
9.9 59 -31.48201588 0.6744847009
10 59 -31.48201588 0.670499741
10.1 59 -31.48201588 0.6665274479
10.2 59 -31.48201588 0.6625684091
10.3 60 -31.48201588 0.6586232217
10.4 60 -31.48201588 0.6546924363
10.5 60 -31.48201588 0.6507766028
10.6 60 -31.48201588 0.6468762562
10.7 60 -31.48201588 0.6429919114
10.8 60 -31.48201588 0.6391240439
10.9 60 -31.48201588 0.6352731327
11 60 -31.48201588 0.6314396655
11.1 61 -31.48201588 0.627624075
11.2 61 -31.48201588 0.623826786
11.3 61 -31.48201588 0.6200481928
11.4 61 -31.48201588 0.6162886817
11.5 61 -31.48201588 0.6125486382
11.6 61 -31.48201588 0.6088283298
11.7 61 -31.48201588 0.6051281469
11.8 62 -31.48201588 0.6014484117
11.9 62 -31.48201588 0.5977894012
12 62 -31.48201588 0.594151376
12.1 62 -31.48201588 0.5905346056
12.2 62 -31.48201588 0.5869393313
12.3 62 -31.48201588 0.5833657924
12.4 63 -31.48201588 0.5798142025
12.5 63 -31.48201588 0.5762847445
12.6 64 -31.48201588 0.5727776111
12.7 64 -31.48201588 0.5692929834
12.8 64 -31.48201588 0.5658310308
12.9 64 -31.48201588 0.5623919291
13 65 -31.48201588 0.558975825
13.1 65 -31.48201588 0.5555828556
13.2 65 -31.48201588 0.5522131607
13.3 66 -31.48201588 0.5488668798
13.4 66 -31.48201588 0.5455441455
13.5 66 -31.48201588 0.5422450805
13.6 67 -31.48201588 0.5389698229
13.7 68 -31.48201588 0.5357185005
13.8 68 -31.48201588 0.5324912261
13.9 69 -31.48201588 0.529288127
14 69 -31.48201588 0.5261093258
14.1 69 -31.48201588 0.522954955
14.2 69 -31.48201588 0.5198251321
14.3 70 -31.48201588 0.5167199812
14.4 70 -31.48201588 0.5136396193
14.5 70 -31.48201588 0.5105841649
14.6 70 -31.48201589 0.5075537529
14.7 70 -31.48201589 0.504548519
14.8 70 -31.48201589 0.5015685757
14.9 71 -31.48201589 0.4986140632
15 71 -31.48201589 0.4956851102
15.1 71 -31.48201589 0.492781832
15.2 71 -31.48201589 0.4899043712
15.3 71 -31.48201589 0.4870528485
15.4 71 -31.48201589 0.4842274049
15.5 72 -31.48201589 0.4814281471
15.6 72 -31.48201589 0.4786552075
15.7 73 -31.48201589 0.4759087175
15.8 73 -31.48201589 0.4731888087
15.9 73 -31.48201589 0.4704955685
16 73 -31.48201589 0.4678291523
16.1 74 -31.48201589 0.4651896287
16.2 74 -31.48201589 0.4625771114
16.3 74 -31.48201589 0.4599917055
16.4 74 -31.48201589 0.457433508
16.5 74 -31.48201589 0.4549026141
16.6 75 -31.48201589 0.4523991136
16.7 75 -31.48201589 0.4499230908
16.8 75 -31.48201589 0.4474746559
16.9 76 -31.48201589 0.4450538474
17 76 -31.48201589 0.4426607315
17.1 76 -31.48201589 0.4402953674
17.2 77 -31.48201589 0.4379578016
17.3 77 -31.48201589 0.4356480784
17.4 78 -31.48201589 0.4333662423
17.5 78 -31.48201589 0.4311123237
17.6 78 -31.48201589 0.4288863369
17.7 78 -31.48201589 0.4266883201
17.8 79 -31.48201589 0.4245183186
17.9 79 -31.48201589 0.4223763056
18 79 -31.48201589 0.4202622669
18.1 79 -31.48201589 0.4181762059
18.2 80 -31.48201589 0.4161181125
18.3 80 -31.48201589 0.4140879479
18.4 80 -31.48201589 0.4120856886
18.5 80 -31.48201589 0.4101112964
18.6 80 -31.48201589 0.4081647322
18.7 81 -31.4820159 0.4062459518
18.8 81 -31.4820159 0.4043548891
18.9 81 -31.4820159 0.4024914783
19 81 -31.4820159 0.4006556546
19.1 81 -31.4820159 0.398847339
19.2 82 -31.4820159 0.3970664274
19.3 82 -31.4820159 0.3953128882
19.4 82 -31.4820159 0.3935866132
19.5 82 -31.4820159 0.3918875511
19.6 83 -31.4820159 0.3902155632
19.7 83 -31.4820159 0.3885705375
19.8 83 -31.4820159 0.386952369
19.9 83 -31.4820159 0.3853609431
20 84 -31.4820159 0.3837961634
20.1 84 -31.4820159 0.3822579218
20.2 85 -31.4820159 0.3807460893
20.3 85 -31.4820159 0.3792605777
20.4 86 -31.4820159 0.3778012563
20.5 86 -31.4820159 0.3763680414
20.6 86 -31.4820159 0.3749608252
20.7 86 -31.4820159 0.3735794873
20.8 87 -31.4820159 0.3722239163
20.9 87 -31.4820159 0.3708940286
21 87 -31.4820159 0.3695897074
21.1 88 -31.4820159 0.3683108307
21.2 88 -31.4820159 0.3670572791
21.3 89 -31.4820159 0.3658289416
21.4 90 -31.4820159 0.3646257066
21.5 90 -31.4820159 0.3634474697
21.6 90 -31.4820159 0.3622941112
21.7 90 -31.4820159 0.3611655474
21.8 90 -31.4820159 0.3600616508
21.9 90 -31.4820159 0.3589822986
22 90 -31.4820159 0.3579273784
22.1 92 -31.4820159 0.3568967841
22.2 92 -31.4820159 0.3558903999
22.3 92 -31.4820159 0.354908116
22.4 92 -31.4820159 0.3539498096
22.5 92 -31.4820159 0.3530153547
22.6 93 -31.4820159 0.3521046103
22.7 93 -31.48201591 0.3512174587
22.8 93 -31.48201591 0.3503537732
22.9 94 -31.48201591 0.3495134255
23 94 -31.48201591 0.3486962866
23.1 94 -31.48201591 0.3479022487
23.2 94 -31.48201591 0.3471311583
23.3 94 -31.48201591 0.3463828832
23.4 95 -31.48201591 0.3456573035
23.5 95 -31.48201591 0.3449542835
23.6 96 -31.48201591 0.3442736751
23.7 97 -31.48201591 0.3436153873
23.8 97 -31.48201591 0.3429792342
23.9 97 -31.48201591 0.3423650666
24 98 -31.48201591 0.3417727373
24.1 99 -31.48201591 0.3412021305
24.2 99 -31.48201591 0.3406530647
24.3 99 -31.48201591 0.340125388
24.4 100 -31.48201591 0.3396189487
24.5 100 -31.48201591 0.3391335927
24.6 101 -31.48201591 0.3386691643
24.7 101 -31.48201591 0.3382255061
24.8 101 -31.48201591 0.3378024693
24.9 101 -31.48201591 0.3373998919
25 102 -31.48201591 0.3370176001
25.1 102 -31.48201591 0.3366554281
25.2 103 -31.48201591 0.3363132046
25.3 103 -31.48201591 0.335990781
25.4 103 -31.48201591 0.3356879673
25.5 103 -31.48201591 0.3354045882
25.6 104 -31.48201591 0.3351404559
25.7 105 -31.48201591 0.3348954042
25.8 105 -31.48201591 0.3346692566
25.9 105 -31.48201591 0.3344618337
26 106 -31.48201591 0.3342729469
26.1 106 -31.48201591 0.3341024055
26.2 107 -31.48201591 0.3339500237
26.3 108 -31.48201591 0.3338156098
26.4 109 -31.48201591 0.3336989693
26.5 109 -31.48201591 0.3335999223
26.6 109 -31.48201591 0.333518281
26.7 110 -31.48201591 0.3334538579
26.8 111 -31.48201591 0.3334064638
26.9 112 -31.48201591 0.3333759248
27 112 -31.48201591 0.3333620542
27.1 113 -31.48201591 0.3333646508
27.2 113 -31.48201591 0.3333835248
27.3 113 -31.48201592 0.3334184893
27.4 114 -31.48201592 0.3334693716
27.5 114 -31.48201592 0.3335359849
27.6 115 -31.48201592 0.333618149
27.7 116 -31.48201592 0.3337156713
27.8 116 -31.48201592 0.333828369
27.9 116 -31.48201592 0.3339560753
28 117 -31.48201592 0.3340985962
28.1 117 -31.48201592 0.3342557516
28.2 118 -31.48201592 0.3344273618
28.3 118 -31.48201592 0.3346132482
28.4 119 -31.48201592 0.3348132315
28.5 119 -31.48201592 0.3350271333
28.6 120 -31.48201592 0.3352547558
28.7 120 -31.48201592 0.3354959414
28.8 121 -31.48201592 0.3357505128
28.9 121 -31.48201592 0.3360182927
29 122 -31.48201592 0.3362991048
29.1 122 -31.48201592 0.3365927725
29.2 123 -31.48201592 0.3368991016
29.3 123 -31.48201592 0.3372179266
29.4 124 -31.48201592 0.3375490779
29.5 124 -31.48201592 0.3378923778
29.6 124 -31.48201592 0.3382476461
29.7 124 -31.48201592 0.3386147121
29.8 125 -31.48201592 0.3389933994
29.9 126 -31.48201592 0.3393835303
30 126 -31.48201592 0.3397849275
30.1 127 -31.48201592 0.3401974136
30.2 128 -31.48201592 0.3406208121
30.3 129 -31.48201592 0.3410549628
30.4 129 -31.48201592 0.3414996801
30.5 130 -31.48201592 0.3419548002
30.6 130 -31.48201592 0.3424201471
30.7 131 -31.48201592 0.3428955679
30.8 131 -31.48201592 0.3433808824
30.9 131 -31.48201592 0.343875925
31 131 -31.48201592 0.3443805302
31.1 131 -31.48201592 0.3448945201
31.2 132 -31.48201592 0.3454177441
31.3 132 -31.48201592 0.345950039
31.4 133 -31.48201592 0.3464912707
31.5 133 -31.48201592 0.3470412553
31.6 134 -31.48201592 0.347599821
31.7 134 -31.48201592 0.3481668072
31.8 135 -31.48201592 0.3487420642
31.9 135 -31.48201593 0.3493254147
32 136 -31.48201593 0.349916696
32.1 136 -31.48201593 0.3505157353
32.2 136 -31.48201593 0.3511223814
32.3 137 -31.48201593 0.3517364725
32.4 137 -31.48201593 0.3523578466
32.5 138 -31.48201593 0.3529863419
