0.1 172 -63.16710981 0.9998782326
0.2 244 -63.16710972 0.9996189129
0.3 244 -63.16710257 0.9991882501
0.4 244 -63.16710257 0.9985885313
0.5 244 -63.16710257 0.9978229222
0.6 245 -63.16710257 0.9968954077
0.7 247 -63.16710257 0.9958107385
0.8 250 -63.16710257 0.9945743624
0.9 256 -63.16710257 0.9931923469
1 261 -63.16710257 0.9916712937
1.1 267 -63.16710257 0.990018247
1.2 271 -63.16710257 0.9882405976
1.3 276 -63.16710257 0.9863459841
1.4 282 -63.16710257 0.9843421934
1.5 288 -63.16710257 0.9822370618
1.6 294 -63.16710257 0.9800383789
1.7 300 -63.16710257 0.9777537953
1.8 306 -63.16710257 0.9753907368
1.9 312 -63.16710257 0.9729563258
2 317 -63.16710257 0.9704573098
2.1 323 -63.16710257 0.9679000001
2.2 329 -63.16710258 0.9652902198
2.3 336 -63.16710258 0.9626332663
2.4 342 -63.16710258 0.9599338794
2.5 349 -63.16710258 0.9571962232
2.6 357 -63.16710258 0.9544238778
2.7 365 -63.16710258 0.9516198434
2.8 372 -63.16710258 0.9487865517
2.9 380 -63.16710258 0.9459258896
3 387 -63.16710258 0.9430392283
3.1 394 -63.16710258 0.940127463
3.2 402 -63.16710258 0.9371910553
3.3 409 -63.16710258 0.9342300829
3.4 416 -63.16710258 0.9312442926
3.5 422 -63.16710258 0.9282331545
3.6 429 -63.16710258 0.9251959185
3.7 435 -63.16710258 0.9221316716
3.8 443 -63.16710258 0.9190393938
3.9 450 -63.16710258 0.9159180088
4 458 -63.16710258 0.9127664338
4.1 466 -63.16710258 0.909583627
4.2 473 -63.16710259 0.9063686278
4.3 479 -63.16710259 0.9031205931
4.4 485 -63.16710259 0.899838824
4.5 493 -63.16710259 0.8965227909
4.6 501 -63.16710259 0.8931721553
4.7 508 -63.16710259 0.889786777
4.8 515 -63.16710259 0.8863667239
4.9 523 -63.16710259 0.8829122706
5 530 -63.16710259 0.8794238957
5.1 538 -63.16710259 0.8759022706
5.2 545 -63.16710259 0.8723482519
5.3 553 -63.16710259 0.8687628663
5.4 561 -63.16710259 0.8651472892
5.5 569 -63.16710259 0.8615028242
5.6 578 -63.16710259 0.8578308899
5.7 586 -63.16710259 0.8541329932
5.8 595 -63.16710259 0.85041071
5.9 603 -63.1671026 0.8466656608
6 611 -63.1671026 0.8428994911
6.1 620 -63.1671026 0.8391138564
6.2 629 -63.1671026 0.8353104044
6.3 637 -63.1671026 0.831490762
6.4 645 -63.1671026 0.827656517
6.5 654 -63.1671026 0.8238092161
6.6 663 -63.1671026 0.8199503523
6.7 671 -63.1671026 0.8160813615
6.8 680 -63.1671026 0.812203617
6.9 688 -63.1671026 0.8083184289
7 696 -63.1671026 0.8044270453
7.1 705 -63.1671026 0.8005306529
7.2 713 -63.1671026 0.7966303789
7.3 721 -63.1671026 0.7927272949
7.4 729 -63.1671026 0.7888224203
7.5 737 -63.16710261 0.7849167195
7.6 745 -63.16710261 0.7810111188
7.7 753 -63.16710261 0.7771065023
7.8 761 -63.16710261 0.7732037126
7.9 770 -63.16710261 0.7693035571
8 778 -63.16710261 0.7654068094
8.1 786 -63.16710261 0.7615142089
8.2 794 -63.16710261 0.7576264625
8.3 802 -63.16710261 0.7537442423
8.4 810 -63.16710261 0.7498681884
8.5 817 -63.16710261 0.7459989061
8.6 825 -63.16710261 0.7421369648
8.7 833 -63.16710261 0.7382828925
8.8 840 -63.16710261 0.734437182
8.9 847 -63.16710261 0.7306002818
9 855 -63.16710261 0.7267725937
9.1 863 -63.16710262 0.7229544821
9.2 871 -63.16710262 0.7191462675
9.3 881 -63.16710262 0.7153482286
9.4 891 -63.16710262 0.7115606034
9.5 902 -63.16710262 0.7077835929
9.6 914 -63.16710262 0.7040173648
9.7 924 -63.16710262 0.7002620534
9.8 935 -63.16710262 0.6965177705
9.9 946 -63.16710262 0.6927846076
10 958 -63.16710262 0.6890626425
10.1 969 -63.16710262 0.6853519467
10.2 980 -63.16710262 0.6816525919
10.3 991 -63.16710262 0.6779646553
10.4 1002 -63.16710262 0.6742882287
10.5 1014 -63.16710263 0.6706234216
10.6 1024 -63.16710263 0.6669703698
10.7 1024 -63.16710263 0.6633292409
10.8 1024 -63.16710263 0.6597002383
10.9 1024 -63.16710263 0.6560836047
11 1024 -63.16710263 0.6524796249
11.1 1024 -63.16710263 0.6488886267
11.2 1024 -63.16710263 0.6453109809
11.3 1024 -63.16710263 0.641747102
11.4 1024 -63.16710263 0.6381974445
11.5 1024 -63.16710263 0.6346625006
11.6 1024 -63.16710263 0.6311427955
11.7 1024 -63.16710263 0.6276388852
11.8 1024 -63.16710263 0.6241513474
11.9 1024 -63.16710264 0.6206807752
12 1024 -63.16710264 0.6172277733
12.1 1024 -63.16710264 0.613792951
12.2 1024 -63.16710264 0.6103769159
12.3 1024 -63.16710264 0.6069802649
12.4 1024 -63.16710264 0.603603583
12.5 1024 -63.16710264 0.600247431
12.6 1024 -63.16710264 0.5969123478
12.7 1024 -63.16710264 0.5935988407
12.8 1024 -63.16710264 0.5903073835
12.9 1024 -63.16710264 0.5870384139
13 1024 -63.16710264 0.5837923305
13.1 1024 -63.16710264 0.5805694936
13.2 1024 -63.16710265 0.5773702243
13.3 1024 -63.16710265 0.5741948052
13.4 1024 -63.16710265 0.571043482
13.5 1024 -63.16710265 0.5679164664
13.6 1024 -63.16710265 0.5648139369
13.7 1024 -63.16710265 0.5617360431
13.8 1024 -63.16710265 0.5586829101
13.9 1024 -63.16710265 0.5556546393
14 1024 -63.16710265 0.5526513148
14.1 1024 -63.16710265 0.5496730068
14.2 1024 -63.16710265 0.5467197718
14.3 1024 -63.16710266 0.543791658
14.4 1024 -63.16710266 0.5408887081
14.5 1024 -63.16710266 0.5380109616
14.6 1024 -63.16710266 0.5351584549
14.7 1024 -63.16710266 0.5323312254
14.8 1024 -63.16710266 0.5295293105
14.9 1024 -63.16710266 0.5267527493
15 1024 -63.16710266 0.5240015816
15.1 1024 -63.16710266 0.5212758478
15.2 1024 -63.16710267 0.5185755887
15.3 1024 -63.16710267 0.515900843
15.4 1024 -63.16710267 0.5132516486
15.5 1024 -63.16710267 0.5106280389
15.6 1024 -63.16710267 0.5080300431
15.7 1024 -63.16710267 0.5054576841
15.8 1024 -63.16710267 0.5029109778
15.9 1024 -63.16710267 0.5003899317
16 1024 -63.16710267 0.4978945428
16.1 1024 -63.16710268 0.4954248002
16.2 1024 -63.16710268 0.4929806823
16.3 1024 -63.16710268 0.4905621589
16.4 1024 -63.16710268 0.4881691906
16.5 1024 -63.16710268 0.4858017293
16.6 1024 -63.16710268 0.4834597193
16.7 1024 -63.16710268 0.4811430998
16.8 1024 -63.16710268 0.4788518061
16.9 1024 -63.16710269 0.4765857717
17 1024 -63.16710269 0.4743449283
17.1 1024 -63.16710269 0.4721292114
17.2 1024 -63.16710269 0.4699385597
17.3 1024 -63.16710269 0.4677729167
17.4 1024 -63.16710269 0.4656322331
17.5 1024 -63.16710269 0.4635164677
17.6 1024 -63.1671027 0.4614255916
17.7 1024 -63.1671027 0.459359584
17.8 1024 -63.1671027 0.4573184368
17.9 1024 -63.1671027 0.4553021535
18 1024 -63.1671027 0.4533107506
18.1 1024 -63.1671027 0.4513442555
18.2 1024 -63.1671027 0.4494027074
18.3 1024 -63.16710271 0.4474861566
18.4 1024 -63.16710271 0.4455946637
18.5 1024 -63.16710271 0.4437282979
18.6 1024 -63.16710271 0.4418871353
18.7 1024 -63.16710271 0.4400712582
18.8 1024 -63.16710271 0.4382807525
18.9 1024 -63.16710272 0.4365157071
19 1024 -63.16710272 0.4347762108
19.1 1024 -63.16710272 0.4330623514
19.2 1024 -63.16710272 0.4313742152
19.3 1024 -63.16710272 0.4297118833
19.4 1024 -63.16710272 0.4280754308
19.5 1024 -63.16710273 0.4264649288
19.6 1024 -63.16710273 0.4248804389
19.7 1024 -63.16710273 0.4233220139
19.8 1024 -63.16710273 0.4217896971
19.9 1024 -63.16710273 0.4202835221
20 1024 -63.16710274 0.4188035119
20.1 1024 -63.16710274 0.4173496783
20.2 1024 -63.16710274 0.4159220222
20.3 1024 -63.16710274 0.4145205335
20.4 1024 -63.16710274 0.4131451901
