0 35 -2.9384737819081 0.99993081485531
0.1 51 -2.9384738327454 0.99986003660628
0.2 51 -2.9384738328028 0.99964782969547
0.3 51 -2.9384738328606 0.99929457701542
0.4 51 -2.9384738328744 0.998800914637
0.5 51 -2.9384738328952 0.99816772803539
0.6 51 -2.9384738329279 0.99739614618833
0.7 51 -2.9384738329795 0.99648753358733
0.8 51 -2.9384738330593 0.99544348060672
0.9 51 -2.9384738331019 0.99426579245331
1 51 -2.9384738331607 0.99295647677573
1.1 68 -2.9384738331696 0.99151773056948
1.2 68 -2.9384738331785 0.9899519253809
1.3 68 -2.9384738331875 0.98826159243065
1.4 68 -2.9384738331965 0.98644940670097
1.5 68 -2.9384738332056 0.98451817058893
1.6 68 -2.9384738332147 0.9824707972438
1.7 68 -2.9384738332239 0.98031029375415
1.8 68 -2.938473833233 0.97803974434955
1.9 68 -2.9384738332422 0.97566229377535
2 68 -2.9384738332515 0.97318113098885
2.1 86 -2.9384738332612 0.97059947399179
2.2 86 -2.9384738332707 0.96792055237244
2.3 86 -2.9384738332802 0.96514759539549
2.4 86 -2.9384738332898 0.96228381684651
2.5 86 -2.9384738332994 0.95933240242507
2.6 86 -2.938473833309 0.95629649781283
2.7 86 -2.9384738333186 0.95317919774259
2.8 86 -2.9384738333282 0.94998353610522
2.9 86 -2.9384738333378 0.94671247711929
3 86 -2.9384738333475 0.94336890757577
3.1 106 -2.9384738333574 0.93995563110974
3.2 106 -2.9384738333671 0.93647535931936
3.3 106 -2.9384738333769 0.93293071175121
3.4 106 -2.9384738333866 0.92932420936326
3.5 106 -2.9384738333963 0.9256582726053
3.6 106 -2.9384738334061 0.92193521974856
3.7 106 -2.9384738334158 0.91815726609749
3.8 106 -2.9384738334256 0.91432652403204
3.9 106 -2.9384738334354 0.91044500382709
4 106 -2.9384738334452 0.90651461519376
4.1 129 -2.9384738334551 0.90253717068973
4.2 129 -2.938473833465 0.89851438395412
4.3 129 -2.9384738334748 0.89444787960578
4.4 129 -2.9384738334847 0.89033919296071
4.5 129 -2.9384738334945 0.88618977533494
4.6 129 -2.9384738335044 0.8820009987436
4.7 129 -2.9384738335142 0.8777741609392
4.8 129 -2.9384738335241 0.87351049073558
4.9 129 -2.9384738335339 0.86921115356683
5 129 -2.9384738335438 0.86487725723142
5.1 152 -2.9384738335537 0.86050985980896
5.2 152 -2.9384738335636 0.85610996755724
5.3 152 -2.9384738335734 0.85167855291112
5.4 152 -2.9384738335833 0.84721655258427
5.5 152 -2.9384738335931 0.84272487549678
5.6 152 -2.9384738336029 0.83820440864487
5.7 152 -2.9384738336127 0.83365602283613
5.8 152 -2.9384738336226 0.82908057824587
5.9 152 -2.9384738336324 0.82447892975311
6 152 -2.9384738336422 0.81985193201608
6.1 176 -2.9384738336522 0.81520044687552
6.2 176 -2.9384738336621 0.81052533736031
6.3 176 -2.9384738336719 0.80582748730701
6.4 176 -2.9384738336818 0.80110779474696
6.5 176 -2.9384738336917 0.79636717771152
6.6 176 -2.9384738337015 0.79160657703691
6.7 176 -2.9384738337114 0.78682695870465
6.8 176 -2.9384738337213 0.78202931570397
6.9 176 -2.9384738337312 0.77721466940725
7 176 -2.9384738337411 0.77238407045444
7.1 201 -2.9384738337511 0.76753860200941
7.2 201 -2.938473833761 0.7626793682456
7.3 201 -2.9384738337709 0.75780751088651
7.4 201 -2.9384738337808 0.75292419683253
7.5 201 -2.9384738337907 0.74803061955686
7.6 201 -2.9384738338006 0.74312799727324
7.7 201 -2.9384738338104 0.73821757073637
7.8 201 -2.9384738338202 0.73330060070802
7.9 201 -2.9384738338301 0.72837836512399
8 201 -2.9384738338399 0.72345215600012
8.1 226 -2.9384738338827 0.71852331878493
8.2 226 -2.9384738339253 0.71359317876594
8.3 226 -2.9384738339683 0.70866308749699
8.4 226 -2.9384738340118 0.70373436542633
8.5 226 -2.9384738340555 0.69880830018926
8.6 226 -2.9384738340994 0.69388614312448
8.7 226 -2.9384738341433 0.68896910631076
8.8 226 -2.9384738341875 0.68405836014358
8.9 226 -2.9384738342317 0.67915503145222
9 226 -2.938473834276 0.674260202145
9.1 252 -2.9384738343218 0.66937491040788
9.2 252 -2.9384738343665 0.66450014199092
9.3 252 -2.9384738344115 0.65963684291968
9.4 252 -2.9384738344565 0.65478591137606
9.5 252 -2.9384738345017 0.64994820064445
9.6 252 -2.9384738345471 0.64512452017561
9.7 252 -2.9384738345927 0.64031563687869
9.8 252 -2.9384738346384 0.63552227658987
9.9 252 -2.9384738346842 0.63074512567145
10 252 -2.9384738347301 0.62598483269752
10.1 278 -2.9384738347773 0.62124201103612
10.2 278 -2.9384738348235 0.61651723703299
10.3 278 -2.9384738348697 0.61181105727343
10.4 278 -2.938473834916 0.60712398642602
10.5 278 -2.9384738349624 0.6024565098525
10.6 278 -2.9384738350087 0.59780908516484
10.7 278 -2.938473835055 0.59318214372148
10.8 278 -2.9384738351014 0.58857609207064
10.9 278 -2.9384738351478 0.58399131335413
11 278 -2.9384738351941 0.57942816868945
11.1 305 -2.9384738352414 0.5748869984556
11.2 305 -2.9384738352878 0.57036812399255
11.3 305 -2.9384738353341 0.56587184872148
11.4 305 -2.9384738353805 0.56139845979441
11.5 305 -2.9384738354268 0.55694822966999
11.6 305 -2.9384738354731 0.55252141780384
11.7 305 -2.9384738355193 0.54811827244802
11.8 305 -2.9384738355655 0.54373903256736
11.9 305 -2.9384738356116 0.53938392987584
12 305 -2.9384738356577 0.53505319099118
12.1 333 -2.9384738357048 0.5307470388608
12.2 333 -2.9384738357508 0.52646569836356
12.3 333 -2.9384738357968 0.52220939402889
12.4 333 -2.9384738358427 0.51797835555178
12.5 333 -2.9384738358886 0.51377281953074
12.6 333 -2.9384738359345 0.50959303191303
12.7 333 -2.9384738359803 0.50543925036769
12.8 333 -2.938473836026 0.50131174654296
12.9 333 -2.9384738360716 0.4972108081626
13 333 -2.9384738361173 0.4931367409172
13.1 358 -2.938473836164 0.48908986783515
13.2 358 -2.9384738362095 0.48507053960987
13.3 358 -2.9384738362549 0.48107912245403
13.4 358 -2.9384738363003 0.47711600750248
13.5 358 -2.9384738363455 0.47318160907278
13.6 358 -2.9384738363907 0.46927636469328
13.7 358 -2.9384738364358 0.46540073476357
13.8 358 -2.9384738364808 0.46155520184821
13.9 358 -2.9384738365257 0.45774026961286
14 358 -2.9384738365705 0.45395646141866
14.1 388 -2.9384738366164 0.45020431505081
14.2 388 -2.938473836661 0.44648439468924
14.3 388 -2.9384738367056 0.4427972679563
14.4 388 -2.93847383675 0.43914351703482
14.5 388 -2.9384738367944 0.43552373265024
14.6 388 -2.9384738368386 0.43193851128014
14.7 388 -2.9384738368828 0.4283884522777
14.8 388 -2.9384738369268 0.42487415495421
14.9 388 -2.9384738369707 0.4213962156641
15 388 -2.9384738370146 0.41795522493348
15.1 418 -2.9384738370595 0.41455175983371
15.2 418 -2.9384738371032 0.41118640045221
15.3 418 -2.9384738371468 0.40785969892809
15.4 418 -2.9384738371904 0.40457219585862
15.5 418 -2.9384738372338 0.40132441346958
15.6 418 -2.9384738372772 0.39811685363118
15.7 418 -2.9384738373205 0.39494999607576
15.8 418 -2.9384738373638 0.39182429681775
15.9 418 -2.9384738374069 0.38874018677122
16 418 -2.9384738374501 0.38569807055609
16.1 449 -2.938473837494 0.38269831973583
16.2 449 -2.9384738375371 0.37974129479017
16.3 449 -2.9384738375801 0.37682731038204
16.4 449 -2.9384738376231 0.37395665732977
16.5 449 -2.9384738376661 0.37112959653776
16.6 449 -2.938473837709 0.36834635863782
16.7 449 -2.9384738377519 0.3656071437146
16.8 449 -2.9384738377947 0.36291212109633
16.9 449 -2.9384738378375 0.36026142919582
17 449 -2.9384738378803 0.35765517539715
17.1 480 -2.9384738379239 0.35509342869585
17.2 480 -2.9384738379667 0.35257624874569
17.3 480 -2.9384738380094 0.35010364251449
17.4 480 -2.9384738380521 0.34767559323654
17.5 480 -2.9384738380948 0.34529205344606
17.6 480 -2.9384738381375 0.34295294529552
17.7 480 -2.9384738381801 0.34065816099264
17.8 480 -2.9384738382227 0.33840756337619
17.9 480 -2.9384738382652 0.33620098665043
18 480 -2.9384738383077 0.33403823729675
18.1 512 -2.938473838351 0.33191908720599
18.2 512 -2.9384738383934 0.32984330681158
18.3 512 -2.9384738384358 0.32781061900252
18.4 512 -2.9384738384781 0.32582073256669
18.5 512 -2.9384738385203 0.32387333627248
18.6 512 -2.9384738385625 0.32196810108218
18.7 512 -2.9384738386046 0.32010468257846
18.8 512 -2.9384738386465 0.31828272358674
18.9 512 -2.9384738386885 0.31650185696977
19 512 -2.9384738387303 0.31476170856492
19.1 512 -2.9384738387731 0.31306189103212
19.2 512 -2.9384738388147 0.31140204370517
19.3 512 -2.9384738388563 0.30978178069204
19.4 512 -2.9384738388978 0.30820073061288
19.5 512 -2.9384738389392 0.30665853048137
19.6 512 -2.9384738389805 0.30515482860724
19.7 512 -2.9384738390217 0.30368928733437
19.8 512 -2.9384738390628 0.30226158558588
19.9 512 -2.9384738391039 0.30087142121105
20 512 -2.9384738391449 0.29951851314529
20.1 512 -2.9384738391866 0.29820259382797
20.2 512 -2.9384738392276 0.29692344844937
20.3 512 -2.9384738392686 0.29568085878456
20.4 512 -2.9384738393095 0.29447464128685
20.5 512 -2.9384738393505 0.29330463755684
20.6 512 -2.9384738393916 0.29217071399709
20.7 512 -2.9384738394326 0.29107276111406
20.8 512 -2.9384738394736 0.29001069244409
20.9 512 -2.9384738395147 0.28898444312111
21 512 -2.9384738395557 0.28799396812223
21.1 512 -2.9384738395974 0.28703923005118
21.2 512 -2.9384738396385 0.28612023762985
21.3 512 -2.9384738396795 0.28523698211742
21.4 512 -2.9384738397205 0.28438947551129
21.5 512 -2.9384738397615 0.28357773772509
21.6 512 -2.9384738398024 0.28280179394159
21.7 512 -2.9384738398434 0.28206167200423
21.8 512 -2.9384738398843 0.2813573998985
21.9 512 -2.9384738399252 0.28068900337087
22 512 -2.938473839966 0.28005650372867
22.1 512 -2.9384738400076 0.27945990572535
22.2 512 -2.9384738400484 0.27889923634585
22.3 512 -2.9384738400893 0.27837448232615
22.4 512 -2.9384738401301 0.27788562928963
22.5 512 -2.9384738401709 0.27743265066167
22.6 512 -2.9384738402117 0.27701550738581
22.7 512 -2.9384738402525 0.27663414758617
22.8 512 -2.9384738402933 0.27628850621908
22.9 512 -2.938473840334 0.27597850500726
23 512 -2.9384738403747 0.27570405263242
23.1 512 -2.9384738404159 0.27546503478486
23.2 512 -2.9384738404565 0.27526135599405
23.3 512 -2.9384738404971 0.27509287806896
23.4 512 -2.9384738405376 0.27495946217045
23.5 512 -2.9384738405781 0.27486095902576
23.6 512 -2.9384738406185 0.27479720949043
23.7 512 -2.9384738406589 0.27476804504395
23.8 512 -2.9384738406991 0.27477328819239
23.9 512 -2.9384738407394 0.27481275275594
24 512 -2.9384738407795 0.27488624402562
24.1 512 -2.93847384082 0.27499354748178
24.2 512 -2.93847384086 0.27513447392737
24.3 512 -2.9384738409 0.27530879121846
24.4 512 -2.9384738409398 0.27551626925523
24.5 512 -2.9384738409796 0.27575666809945
24.6 512 -2.9384738410193 0.27602973736315
24.7 512 -2.938473841059 0.27633521553388
24.8 512 -2.9384738410986 0.27667282926604
24.9 512 -2.9384738411382 0.27704229266732
25 512 -2.9384738411778 0.2774433066084
25.1 512 -2.938473841218 0.27787554674325
25.2 512 -2.9384738412576 0.27833870840556
25.3 512 -2.9384738412971 0.27883243789802
25.4 512 -2.9384738413366 0.27935637778514
25.5 512 -2.9384738413761 0.27991015536457
25.6 512 -2.9384738414157 0.28049338273642
25.7 512 -2.9384738414553 0.28110565707575
25.8 512 -2.9384738414949 0.28174656111821
25.9 512 -2.9384738415346 0.28241566386305
26 512 -2.9384738415743 0.28311252149019
26.1 512 -2.9384738416146 0.28383666914046
26.2 512 -2.9384738416544 0.28458765965292
26.3 512 -2.9384738416942 0.28536500877462
26.4 512 -2.938473841734 0.28616823431821
26.5 512 -2.9384738417738 0.28699684844576
26.6 512 -2.9384738418136 0.28785035942179
26.7 512 -2.9384738418534 0.28872827339495
26.8 512 -2.9384738418933 0.28963009617315
26.9 512 -2.9384738419331 0.29055533495771
27 512 -2.9384738419729 0.29150350000243
27.1 512 -2.9384738420133 0.29247409876479
27.2 512 -2.9384738420531 0.29346666698652
27.3 512 -2.9384738420928 0.29448072537604
27.4 512 -2.9384738421326 0.29551581044601
27.5 512 -2.9384738421724 0.29657146794023
27.6 512 -2.9384738422122 0.29764725350524
27.7 512 -2.9384738422519 0.29874273315208
27.8 512 -2.9384738422917 0.29985748351117
27.9 512 -2.9384738423314 0.30099109188957
28 512 -2.9384738423712 0.30214315614562
28.1 512 -2.9384738424116 0.30331327882664
28.2 512 -2.9384738424514 0.30450108908245
28.3 512 -2.9384738424912 0.30570620852052
28.4 512 -2.938473842531 0.30692827298611
28.5 512 -2.9384738425709 0.30816692621762
28.6 512 -2.9384738426108 0.30942181907623
28.7 512 -2.9384738426507 0.31069260876295
28.8 512 -2.9384738426907 0.31197895805246
28.9 512 -2.9384738427308 0.31328053456981
29 512 -2.9384738427708 0.31459701013232
29.1 512 -2.9384738428117 0.31592805594473
29.2 512 -2.9384738428519 0.3172733591114
29.3 512 -2.9384738428921 0.31863259667379
29.4 512 -2.9384738429323 0.32000545245791
29.5 512 -2.9384738429726 0.32139161261239
29.6 512 -2.9384738430128 0.32279076553539
29.7 512 -2.938473843053 0.32420260188718
29.8 512 -2.9384738430933 0.32562681467546
29.9 512 -2.9384738431335 0.32706309939769
30 512 -2.9384738431736 0.32851115422249
30.1 512 -2.9384738432144 0.32997067690253
30.2 512 -2.9384738432545 0.33144137817473
30.3 512 -2.9384738432946 0.33292296205596
30.4 512 -2.9384738433346 0.33441513926788
30.5 512 -2.9384738433746 0.33591762396833
30.6 512 -2.9384738434146 0.33743013373897
30.7 512 -2.9384738434546 0.33895238948304
30.8 512 -2.9384738434945 0.340484115225
30.9 512 -2.9384738435344 0.34202503780767
31 512 -2.9384738435742 0.34357488648658
31.1 512 -2.938473843615 0.34513338976854
31.2 512 -2.9384738436548 0.34670028547007
31.3 512 -2.9384738436945 0.34827530404722
31.4 512 -2.9384738437341 0.3498581785559
31.5 512 -2.9384738437737 0.35144864122549
31.6 512 -2.9384738438133 0.35304642267364
31.7 512 -2.9384738438528 0.35465125100113
31.8 512 -2.9384738438922 0.35626285084554
31.9 512 -2.9384738439316 0.35788094283395
32 512 -2.9384738439709 0.35950524314309
32.1 512 -2.9384738440113 0.36113546146071
32.2 512 -2.9384738440506 0.36277130640157
32.3 512 -2.9384738440898 0.36441247630505
32.4 512 -2.938473844129 0.36605866507686
32.5 512 -2.9384738441683 0.36770956071558
32.6 512 -2.9384738442075 0.3693648455042
32.7 512 -2.9384738442467 0.3710241963603
32.8 512 -2.938473844286 0.37268728533776
32.9 512 -2.9384738443253 0.37435378026838
33 512 -2.9384738443647 0.37602334552808
33.1 512 -2.9384738444052 0.37769564238309
33.2 512 -2.9384738444446 0.3793703320623
33.3 512 -2.9384738444841 0.38104707357678
33.4 512 -2.9384738445236 0.38272552690553
33.5 512 -2.9384738445631 0.38440535350852
33.6 512 -2.9384738446026 0.38608621735284
33.7 512 -2.9384738446422 0.38776778588756
33.8 512 -2.9384738446818 0.38944973094212
33.9 512 -2.9384738447213 0.39113172952537
34 512 -2.9384738447609 0.39281346450672
34.1 512 -2.9384738448015 0.39449462541306
34.2 512 -2.938473844841 0.39617490784413
34.3 512 -2.9384738448804 0.39785401521431
34.4 512 -2.9384738449198 0.39953165787582
34.5 512 -2.9384738449592 0.40120755333593
34.6 512 -2.9384738449984 0.40288142609627
34.7 512 -2.9384738450376 0.40455300737671
34.8 512 -2.9384738450767 0.40622203474248
34.9 512 -2.9384738451157 0.40788825165678
35 512 -2.9384738451547 0.40955140698252
35.1 512 -2.9384738451947 0.4112112554353
35.2 512 -2.9384738452334 0.41286755316357
35.3 512 -2.938473845272 0.41452006308982
35.4 512 -2.9384738453104 0.41616855065132
35.5 512 -2.9384738454044 0.41781279234208
35.6 512 -2.9384738454713 0.41945254720593
35.7 512 -2.9384738455565 0.42108758943216
35.8 512 -2.9384738455945 0.42271770857507
35.9 512 -2.9384738456325 0.42434267717073
36 512 -2.9384738456703 0.42596227811995
36.1 512 -2.9384738457094 0.42757629924819
36.2 512 -2.9384738457471 0.42918452857777
36.3 512 -2.9384738457848 0.43078676259493
36.4 512 -2.9384738458224 0.43238280181197
36.5 512 -2.93847384586 0.43397245277836
36.6 512 -2.9384738458975 0.43555552883881
36.7 512 -2.938473845935 0.43713185088294
36.8 512 -2.9384738459724 0.43870124805256
36.9 512 -2.9384738460098 0.44026355837206
37 512 -2.9384738460471 0.44181862926741
37.1 512 -2.9384738460859 0.44336632002448
37.2 512 -2.9384738461232 0.44490649367907
37.3 512 -2.9384738461604 0.44643902946832
37.4 512 -2.9384738461976 0.44796381434231
37.5 512 -2.9384738462348 0.44948074458948
37.6 512 -2.938473846272 0.45098972516119
37.7 512 -2.9384738463091 0.45249066876095
37.8 512 -2.9384738463462 0.45398349470685
37.9 512 -2.9384738463832 0.45546812758284
38 512 -2.9384738464203 0.45694449570224
38.1 512 -2.9384738464588 0.45841253179977
38.2 512 -2.9384738464957 0.45987216165556
38.3 512 -2.9384738465326 0.46132331654965
38.4 512 -2.9384738465694 0.46276592175013
38.5 512 -2.9384738466062 0.46419989698778
38.6 512 -2.9384738466429 0.4656251546031
38.7 512 -2.9384738466796 0.46704159782239
38.8 512 -2.9384738467162 0.46844911922903
38.9 512 -2.9384738467528 0.46984759946577
39 512 -2.9384738467893 0.47123690602135
39.1 512 -2.9384738468273 0.47261689398548
39.2 512 -2.9384738468637 0.47398739597594
39.3 512 -2.9384738469 0.47534823592125
39.4 512 -2.9384738469363 0.47669922076732
39.5 512 -2.9384738469726 0.47804014322975
39.6 512 -2.9384738470089 0.47937078241675
39.7 512 -2.9384738470451 0.48069090485751
39.8 512 -2.9384738470812 0.48200026591848
39.9 512 -2.9384738471174 0.48329861154661
40 512 -2.9384738471535 0.48458568028633
40.1 512 -2.9384738471914 0.48586120789145
40.2 512 -2.9384738472275 0.48712492018251
40.3 512 -2.9384738472635 0.4883765500467
40.4 512 -2.9384738472996 0.48961583032808
40.5 512 -2.9384738473357 0.49084249889745
40.6 512 -2.9384738473718 0.49205630123006
40.7 512 -2.9384738474078 0.49325699288531
40.8 512 -2.938473847444 0.49444434183647
40.9 512 -2.9384738474801 0.49561813060284
41 512 -2.9384738475162 0.49677815814154
41.1 512 -2.9384738475546 0.49792424511354
41.2 512 -2.9384738475908 0.49905622053113
41.3 512 -2.938473847627 0.50017394482109
41.4 512 -2.9384738476632 0.50127729568904
41.5 512 -2.9384738476994 0.50236617212475
41.6 512 -2.9384738477357 0.50344049435809
41.7 512 -2.938473847772 0.50450020348541
41.8 512 -2.9384738478083 0.50554526078585
41.9 512 -2.9384738478446 0.50657564675346
42 512 -2.938473847881 0.50759135987654
42.1 512 -2.9384738479195 0.50859241958009
42.2 512 -2.9384738479558 0.50957884704896
42.3 512 -2.9384738479922 0.51055068986322
42.4 512 -2.9384738480285 0.51150800250801
42.5 512 -2.9384738480649 0.51245084887637
42.6 512 -2.9384738481012 0.51337930035193
42.7 512 -2.9384738481375 0.51429343394011
42.8 512 -2.9384738481738 0.51519333049182
42.9 512 -2.93847384821 0.51607907304989
43 512 -2.9384738482463 0.51695074533685
43.1 512 -2.9384738482848 0.51780843513859
43.2 512 -2.9384738483209 0.5186522141175
43.3 512 -2.938473848357 0.51948216536027
43.4 512 -2.9384738483931 0.52029836348468
43.5 512 -2.9384738484291 0.52110087878195
43.6 512 -2.938473848465 0.5218897767658
43.7 512 -2.9384738485009 0.52266511789453
43.8 512 -2.9384738485367 0.52342695745166
43.9 512 -2.9384738485725 0.52417534556788
44 512 -2.9384738486082 0.52491032736412
44.1 512 -2.9384738486467 0.52563194860001
44.2 512 -2.9384738486823 0.52634023432106
44.3 512 -2.9384738487179 0.52703522181481
44.4 512 -2.9384738487535 0.52771693925903
44.5 512 -2.938473848789 0.52838541160024
44.6 512 -2.9384738488246 0.5290406609822
44.7 512 -2.9384738488601 0.52968270716201
44.8 512 -2.9384738488956 0.53031156790442
44.9 512 -2.938473848931 0.53092725934862
45 512 -2.9384738489665 0.53152979634551
45.1 512 -2.938473849005 0.53211919894474
45.2 512 -2.9384738490405 0.53269546790868
45.3 512 -2.938473849076 0.5332586222249
45.4 512 -2.9384738491114 0.53380867448808
45.5 512 -2.9384738491469 0.5343456374014
45.6 512 -2.9384738491824 0.53486952406347
45.7 512 -2.9384738492179 0.53538034828651
45.8 512 -2.9384738492534 0.53587812495803
45.9 512 -2.9384738492889 0.53636287045671
46 512 -2.9384738493245 0.53683460313035
46.1 512 -2.9384738493635 0.53729335083057
46.2 512 -2.9384738493991 0.53773912350282
46.3 512 -2.9384738494348 0.53817195596256
46.4 512 -2.9384738494704 0.53859188049793
46.5 512 -2.9384738495061 0.53899893467278
46.6 512 -2.9384738495418 0.53939316211635
46.7 512 -2.9384738495775 0.53977461332433
46.8 512 -2.9384738496132 0.54014334645219
46.9 512 -2.938473849649 0.54049942807849
47 512 -2.9384738496847 0.54084293391329
47.1 512 -2.9384738497243 0.54117395687217
47.2 512 -2.9384738497599 0.54149257775275
47.3 512 -2.9384738497956 0.54179891042926
47.4 512 -2.9384738498313 0.54209307212909
47.5 512 -2.938473849867 0.54237519091462
47.6 512 -2.9384738499026 0.5426454054533
47.7 512 -2.9384738499383 0.54290386455766
47.8 512 -2.938473849974 0.54315072649738
47.9 512 -2.9384738500097 0.5433861580891
48 512 -2.9384738500454 0.54361033357028
48.1 512 -2.938473850086 0.54382344028425
48.2 512 -2.9384738501218 0.5440256490185
48.3 512 -2.9384738501576 0.5442171545825
48.4 512 -2.9384738501935 0.54439814571988
48.5 512 -2.9384738502293 0.54456881021462
48.6 512 -2.9384738502652 0.54472933285166
48.7 512 -2.9384738503012 0.54487989334603
48.8 512 -2.9384738503371 0.5450206642865
48.9 512 -2.938473850373 0.5451518091409
49 512 -2.9384738504089 0.54527348036995
49.1 512 -2.9384738504503 0.54538582495039
49.2 512 -2.9384738504862 0.54548895375982
49.3 512 -2.938473850522 0.54558298396789
49.4 512 -2.9384738505578 0.54566800882392
49.5 512 -2.9384738505935 0.5457441042246
49.6 512 -2.9384738506956 0.54581132684941
49.7 512 -2.9384738507923 0.54586971757825
49.8 512 -2.9384738508859 0.54591929889008
49.9 512 -2.9384738509764 0.54596007629749
50 512 -2.9384738510632 0.5459920394379
50.1 512 -2.9384738511517 0.54601517082872
50.2 512 -2.9384738512299 0.54602941752434
50.3 512 -2.938473851306 0.54603473747144
50.4 512 -2.9384738513829 0.54603107149498
50.5 512 -2.9384738514638 0.54601835285134
50.6 512 -2.9384738515514 0.54599650948123
50.7 512 -2.9384738516481 0.54596546636185
50.8 512 -2.9384738517553 0.54592514789191
50.9 512 -2.938473851874 0.54587548025189
51 512 -2.9384738520044 0.54581639368812
51.1 512 -2.9384738520457 0.54574782221204
51.2 512 -2.9384738520808 0.54566970420949
51.3 512 -2.9384738521159 0.54558200217839
51.4 512 -2.9384738521509 0.54548468274183
51.5 512 -2.938473852186 0.54537772530922
51.6 512 -2.9384738522211 0.54526112303992
51.7 512 -2.9384738522562 0.54513488351055
51.8 512 -2.9384738522913 0.54499902908305
51.9 512 -2.9384738523264 0.54485359697633
52 512 -2.9384738523615 0.54469863905131
52.1 512 -2.9384738524036 0.54453422829431
52.2 512 -2.9384738524388 0.54436043016287
52.3 512 -2.9384738524739 0.54417734359727
52.4 512 -2.9384738525091 0.54398507187997
52.5 512 -2.9384738525443 0.54378372838627
52.6 512 -2.9384738525795 0.54357343522328
52.7 512 -2.9384738526147 0.54335432181397
52.8 512 -2.9384738526499 0.54312652346729
52.9 512 -2.9384738526851 0.54289017997058
53 512 -2.9384738528091 0.54264542475825
53.1 512 -2.9384738529322 0.54239241784311
53.2 512 -2.9384738530458 0.54213129168733
53.3 512 -2.9384738531625 0.54186219886269
53.4 512 -2.9384738531977 0.54158529348412
53.5 512 -2.9384738532329 0.54130070719034
53.6 512 -2.938473853268 0.5410085800912
53.7 512 -2.9384738533032 0.54070904987342
53.8 512 -2.9384738533384 0.54040225162743
53.9 512 -2.9384738533735 0.54008831786022
54 512 -2.9384738534087 0.53976737868442
54.1 512 -2.9384738534514 0.53943956820533
54.2 512 -2.9384738534866 0.53910500071187
54.3 512 -2.9384738535217 0.5387638076542
54.4 512 -2.9384738535568 0.53841611389267
54.5 512 -2.9384738535919 0.53806204440494
54.6 512 -2.938473853627 0.53770172490374
54.7 512 -2.938473853662 0.53733528243502
54.8 512 -2.938473853697 0.53696284593487
54.9 512 -2.9384738537319 0.53658454672664
55 512 -2.9384738537668 0.53620051894213
55.1 512 -2.9384738538104 0.53581090500077
55.2 512 -2.9384738538451 0.53541583520948
55.3 512 -2.9384738538797 0.53501545891945
55.4 512 -2.9384738539142 0.5346099238324
55.5 512 -2.9384738539486 0.5341993811237
55.6 512 -2.9384738539829 0.53378398528244
55.7 512 -2.9384738540171 0.53336389386918
55.8 512 -2.9384738540511 0.53293926720342
55.9 512 -2.9384738540851 0.53251026799454
56 512 -2.9384738541189 0.53207706093072
56.1 512 -2.9384738541622 0.53163981659987
56.2 512 -2.9384738541958 0.53119869354951
56.3 512 -2.9384738542293 0.53075386414573
56.4 512 -2.9384738542627 0.53030549654968
56.5 512 -2.938473854296 0.52985375870892
56.6 512 -2.9384738543293 0.52939881796972
56.7 512 -2.9384738543624 0.52894084072153
56.8 512 -2.9384738543955 0.52847999207468
56.9 512 -2.9384738544286 0.52801643556725
57 512 -2.9384738544616 0.52755033287888
57.1 512 -2.9384738545043 0.52708184708524
57.2 512 -2.9384738545943 0.52661112180457
57.3 512 -2.9384738546838 0.52613832279499
57.4 512 -2.9384738547166 0.52566359998447
57.5 512 -2.9384738547495 0.52518709975567
57.6 512 -2.9384738547824 0.52470896684294
57.7 512 -2.9384738548152 0.52422934161893
57.8 512 -2.9384738548481 0.52374835972284
57.9 512 -2.9384738548809 0.5232661515549
58 512 -2.9384738549137 0.52278284164917
58.1 512 -2.9384738549571 0.52229855076858
58.2 512 -2.9384738549898 0.5218133837518
58.3 512 -2.9384738550224 0.52132744573441
58.4 512 -2.9384738550551 0.52084082975675
58.5 512 -2.9384738550876 0.5203536186647
58.6 512 -2.9384738551201 0.5198658841173
58.7 512 -2.9384738551525 0.51937768560277
58.8 512 -2.9384738551849 0.51888906949094
58.9 512 -2.9384738552172 0.51840006815209
59 512 -2.9384738552494 0.51791069917394
59.1 512 -2.9384738552941 0.51742096707237
59.2 512 -2.9384738553262 0.51693085328437
59.3 512 -2.9384738553583 0.51644033022822
59.4 512 -2.9384738553903 0.51594935159378
59.5 512 -2.9384738554222 0.51545785492494
59.6 512 -2.938473855454 0.51496576204361
59.7 512 -2.9384738554858 0.51447297974943
59.8 512 -2.9384738555176 0.51397940080301
59.9 512 -2.9384738555493 0.51348490519357
60 512 -2.938473855581 0.51298936168533
60.1 512 -2.9384738556249 0.51249263138774
60.2 512 -2.9384738556564 0.51199456272373
60.3 512 -2.9384738556879 0.51149500441743
60.4 512 -2.9384738557194 0.51099380075908
60.5 512 -2.9384738557509 0.51049079601835
60.6 512 -2.9384738557823 0.50998583714474
60.7 512 -2.9384738558137 0.50947877651627
60.8 512 -2.938473855845 0.50896947468287
60.9 512 -2.9384738558764 0.50845780304869
61 512 -2.9384738559077 0.50794364643528
61.1 512 -2.9384738559537 0.50742690614434
61.2 512 -2.938473855985 0.50690749935333
61.3 512 -2.9384738560163 0.5063853652976
61.4 512 -2.9384738560475 0.50586046420108
61.5 512 -2.9384738560788 0.50533277964152
61.6 512 -2.9384738561101 0.50480231963524
61.7 512 -2.9384738561414 0.50426911699586
61.8 512 -2.9384738561727 0.50373322926082
61.9 512 -2.938473856204 0.50319473837713
62 512 -2.9384738562353 0.50265375009404
62.1 512 -2.9384738562824 0.50211039368043
62.2 512 -2.9384738563137 0.50156481782719
62.3 512 -2.938473856345 0.50101719319646
62.4 512 -2.9384738563764 0.50046770761934
62.5 512 -2.9384738564077 0.49991656461554
62.6 512 -2.938473856439 0.49936398099804
62.7 512 -2.9384738564703 0.49881018433838
62.8 512 -2.9384738565015 0.498255410349
62.9 512 -2.9384738565328 0.49769990023951
63 512 -2.938473856564 0.49714389810362
63.1 512 -2.938473856611 0.4965876492191
63.2 512 -2.9384738566421 0.49603139431781
63.3 512 -2.9384738566733 0.49547537241508
63.4 512 -2.9384738567044 0.49491981543839
63.5 512 -2.9384738567354 0.49436494734659
63.6 512 -2.9384738567664 0.49381098267987
63.7 512 -2.9384738567974 0.49325812540952
63.8 512 -2.9384738568283 0.49270656809699
63.9 512 -2.9384738568592 0.49215649136302
64 512 -2.93847385689 0.49160806366136
64.1 512 -2.9384738569396 0.49106144153639
64.2 512 -2.9384738569704 0.4905167691986
64.3 512 -2.938473857001 0.48997418034211
64.4 512 -2.9384738570317 0.48943379815721
64.5 512 -2.9384738570623 0.48889573650936
64.6 512 -2.9384738570928 0.4883601009961
64.7 512 -2.9384738571233 0.48782699009424
64.8 512 -2.9384738571538 0.48729649638738
64.9 512 -2.9384738571842 0.48676870782759
65 512 -2.9384738572146 0.4862437089776
65.1 512 -2.9384738572651 0.48572158137082
65.2 512 -2.9384738572954 0.48520240784565
65.3 512 -2.9384738573258 0.48468626867723
65.4 512 -2.9384738573561 0.48417324559244
65.5 512 -2.9384738573863 0.48366342164468
65.6 512 -2.9384738574166 0.48315688171555
65.7 512 -2.9384738574469 0.48265371284989
65.8 512 -2.9384738574771 0.48215400442791
65.9 512 -2.9384738575074 0.48165784818364
66 512 -2.9384738575377 0.48116533808433
66.1 512 -2.938473857591 0.48067656912617
66.2 512 -2.9384738576213 0.48019164082668
66.3 512 -2.9384738576516 0.47971065109367
66.4 512 -2.938473857682 0.47923369955742
66.5 512 -2.9384738577123 0.4787608861457
66.6 512 -2.9384738577427 0.47829231060755
66.7 512 -2.9384738577731 0.47782807206678
66.8 512 -2.9384738578035 0.47736826862733
66.9 512 -2.938473857834 0.47691299704931
67 512 -2.9384738578644 0.47646235251077
67.1 512 -2.9384738579191 0.47601642743397
67.2 512 -2.9384738579496 0.47557531555848
67.3 512 -2.9384738579801 0.47513910585986
67.4 512 -2.9384738580107 0.47470788679826
67.5 512 -2.9384738580412 0.4742817455579
67.6 512 -2.9384738580718 0.4738607683821
67.7 512 -2.9384738581023 0.47344504097014
67.8 512 -2.9384738581328 0.47303464892142
67.9 512 -2.9384738581634 0.47262967822022
68 512 -2.9384738581939 0.47223021576008
68.1 512 -2.9384738582502 0.47183634858396
68.2 512 -2.9384738582806 0.47144816952029
68.3 512 -2.9384738583111 0.47106576972683
68.4 512 -2.9384738583415 0.47068924395026
68.5 512 -2.9384738583719 0.47031868925715
68.6 512 -2.9384738584024 0.46995420499014
68.7 512 -2.9384738584328 0.46959589263934
68.8 512 -2.9384738584632 0.46924385559285
68.9 512 -2.9384738584936 0.46889819874876
69 512 -2.938473858524 0.46855902798885
69.1 512 -2.9384738585853 0.46822644826396
69.2 512 -2.9384738586158 0.46790056785417
69.3 512 -2.9384738586463 0.46758148997942
69.4 512 -2.9384738586768 0.46726931687252
69.5 512 -2.9384738587074 0.46696414754941
69.6 512 -2.938473858738 0.46666607680728
69.7 512 -2.9384738587687 0.46637519422945
69.8 512 -2.9384738587993 0.46609158322446
69.9 512 -2.93847385883 0.46581532012655
70 512 -2.9384738589322 0.4655464750772
70.1 512 -2.938473859056 0.46528510438676
70.2 512 -2.9384738591287 0.46503126077582
70.3 512 -2.9384738591889 0.46478498447777
70.4 512 -2.938473859238 0.46454630689159
70.5 512 -2.9384738592786 0.46431524964016
70.6 512 -2.938473859316 0.46409182465772
70.7 512 -2.9384738593576 0.46387603422943
70.8 512 -2.9384738594113 0.46366787120102
70.9 512 -2.938473859484 0.46346731950456
71 512 -2.938473859581 0.4632743548898
71.1 512 -2.9384738596546 0.46308893826309
71.2 512 -2.9384738596854 0.46291103853322
71.3 512 -2.9384738597162 0.46274061135352
71.4 512 -2.9384738597469 0.46257760878529
71.5 512 -2.9384738597776 0.46242197933998
71.6 512 -2.9384738598082 0.46227366892589
71.7 512 -2.9384738598388 0.46213262174743
71.8 512 -2.9384738598694 0.46199878113207
71.9 512 -2.9384738598999 0.46187209026274
72 512 -2.9384738599303 0.46175249279665
72.1 512 -2.9384738600025 0.46163993247559
72.2 512 -2.938473860033 0.46153435699326
72.3 512 -2.9384738600634 0.46143571294022
72.4 512 -2.9384738600938 0.46134394937553
72.5 512 -2.9384738601243 0.46125901688225
72.6 512 -2.9384738601548 0.46118086736926
72.7 512 -2.9384738601853 0.46110945375667
72.8 512 -2.9384738602159 0.46104472955998
72.9 512 -2.9384738602465 0.46098664839173
73 512 -2.9384738602772 0.46093516340247
73.1 512 -2.9384738603495 0.46089022619315
73.2 512 -2.9384738604826 0.46085179713275
73.3 512 -2.9384738606141 0.46081981552377
73.4 512 -2.9384738607232 0.46079422298105
73.5 512 -2.9384738608288 0.46077496166358
73.6 512 -2.9384738609516 0.46076197020286
73.7 512 -2.9384738611112 0.46075518325063
73.8 512 -2.938473861197 0.46075453896707
73.9 512 -2.9384738612802 0.46075995524663
74 512 -2.9384738613608 0.46077135253738
74.1 512 -2.9384738614635 0.46078864363662
74.2 512 -2.938473861539 0.46081174627336
74.3 512 -2.938473861612 0.46084056473302
74.4 512 -2.9384738616827 0.46087500257566
74.5 512 -2.9384738617511 0.46091495990322
74.6 512 -2.9384738618176 0.46096033376114
74.7 512 -2.9384738618821 0.46101101855565
74.8 512 -2.9384738619448 0.4610669064664
74.9 512 -2.938473862006 0.46112788783456
75 512 -2.9384738620657 0.46119385150762
75.1 512 -2.938473862168 0.46126468317163
75.2 512 -2.9384738622252 0.46134027337193
75.3 512 -2.9384738622812 0.46142050591483
75.4 512 -2.9384738623363 0.4615052657153
75.5 512 -2.9384738623905 0.46159443677284
75.6 512 -2.938473862444 0.46168790200627
75.7 512 -2.9384738624967 0.46178554299712
75.8 512 -2.938473862549 0.46188723965217
75.9 512 -2.9384738626007 0.46199286979993
76 512 -2.938473862652 0.46210230874003
76.1 512 -2.9384738627585 0.46221542772542
76.2 512 -2.9384738628092 0.46233209767468
76.3 512 -2.9384738628597 0.46245218242113
76.4 512 -2.93847386291 0.4625755425402
76.5 512 -2.9384738629603 0.46270203398507
76.6 512 -2.9384738630105 0.46283150789221
76.7 512 -2.9384738630606 0.46296381052396
76.8 512 -2.9384738631108 0.46309878337039
76.9 512 -2.9384738631609 0.46323626342907
77 512 -2.938473863211 0.46337608367677
77.1 512 -2.9384738633213 0.46351807373148
77.2 512 -2.9384738633714 0.46366206081383
77.3 512 -2.9384738634216 0.46380787062805
77.4 512 -2.9384738634719 0.46395532879237
77.5 512 -2.9384738635223 0.46410426221418
77.6 512 -2.9384738635731 0.46425450066
77.7 512 -2.9384738636244 0.46440587843796
77.8 512 -2.9384738636763 0.4645582361592
77.9 512 -2.9384738637292 0.46471142254145
78 512 -2.9384738637833 0.46486529621576
78.1 512 -2.9384738639 0.46501972809349
78.2 512 -2.9384738639577 0.46517460073634
78.3 512 -2.9384738640177 0.46532981332769
78.4 512 -2.9384738640805 0.4654852809125
78.5 512 -2.9384738641465 0.46564093618414
78.6 512 -2.9384738642163 0.46579673050963
78.7 512 -2.93847386429 0.46595263466973
78.8 512 -2.9384738643682 0.46610863926224
78.9 512 -2.9384738644511 0.46626475474383
79 512 -2.938473864539 0.46642101111807
79.1 512 -2.9384738646851 0.46657745862161
79.2 512 -2.9384738647475 0.46673416287379
79.3 512 -2.938473864777 0.46689120887834
79.4 512 -2.9384738648064 0.46704869410846
79.5 512 -2.9384738648357 0.46720673069197
79.6 512 -2.9384738648651 0.46736544212433
79.7 512 -2.9384738648943 0.467524961057
79.8 512 -2.9384738649235 0.46768542693646
79.9 512 -2.9384738649527 0.46784698354173
80 512 -2.9384738649818 0.46800977647088
80.1 512 -2.9384738650998 0.46817395074868
80.2 512 -2.9384738651288 0.46833964790245
80.3 512 -2.9384738651578 0.4685070042728
80.4 512 -2.9384738651867 0.46867614837446
80.5 512 -2.9384738652155 0.4688471989816
80.6 512 -2.9384738652443 0.46902026334031
80.7 512 -2.9384738652731 0.46919543564446
80.8 512 -2.9384738653018 0.46937279580275
80.9 512 -2.9384738653304 0.46955240851843
81 512 -2.9384738653591 0.46973432269489
81.1 512 -2.9384738654812 0.46991857157239
81.2 512 -2.9384738655098 0.47010517117256
81.3 512 -2.9384738655383 0.4702941229893
81.4 512 -2.9384738655668 0.47048541306103
81.5 512 -2.9384738655953 0.47067901327684
81.6 512 -2.9384738656237 0.47087488256157
81.7 512 -2.9384738656522 0.47107296825704
81.8 512 -2.9384738656806 0.47127320765677
81.9 512 -2.9384738657089 0.47147552966499
82 512 -2.9384738657373 0.47167985654787
82.1 512 -2.9384738658538 0.47188610658042
82.2 512 -2.9384738658821 0.47209419252826
82.3 512 -2.9384738659104 0.47230402843173
82.4 512 -2.9384738659387 0.4725155280555
82.5 512 -2.938473865967 0.47272860737257
82.6 512 -2.9384738659953 0.47294318611815
82.7 512 -2.9384738660235 0.47315918921157
82.8 512 -2.9384738660518 0.47337654802966
82.9 512 -2.93847386608 0.4735952015202
83 512 -2.9384738661083 0.47381509714836
83.1 512 -2.9384738662271 0.47403619296561
83.2 512 -2.9384738662553 0.47425845307306
83.3 512 -2.9384738662834 0.47448185575728
83.4 512 -2.9384738663116 0.47470638867375
83.5 512 -2.9384738663397 0.474932050261
83.6 512 -2.9384738663678 0.47515884974508
83.7 512 -2.9384738663959 0.47538680701746
83.8 512 -2.9384738664239 0.47561595239966
83.9 512 -2.9384738664519 0.47584632631099
84 512 -2.9384738664798 0.47607797885889
84.1 512 -2.9384738666069 0.47631097085793
84.2 512 -2.9384738666347 0.47654536739972
84.3 512 -2.9384738666625 0.4767812461594
84.4 512 -2.9384738666903 0.47701869093892
84.5 512 -2.938473866718 0.47725779250427
84.6 512 -2.9384738667456 0.47749864789859
84.7 512 -2.9384738667732 0.4777413596834
84.8 512 -2.9384738668007 0.47798603509887
84.9 512 -2.9384738668281 0.47823278513599
85 512 -2.9384738668555 0.47848172351469
85.1 512 -2.9384738669958 0.47873296710318
85.2 512 -2.938473867023 0.4789866285402
85.3 512 -2.9384738670502 0.47924282409949
85.4 512 -2.9384738670773 0.479501666122
85.5 512 -2.9384738671043 0.47976326297895
85.6 512 -2.9384738671313 0.48002771739999
85.7 512 -2.9384738671582 0.48029512469844
85.8 512 -2.938473867185 0.4805655709043
85.9 512 -2.9384738672119 0.48083913082011
86 512 -2.9384738672386 0.48111586601955
86.1 512 -2.9384738673819 0.48139582421372
86.2 512 -2.9384738674086 0.4816790316158
86.3 512 -2.9384738674354 0.48196549931499
86.4 512 -2.9384738674621 0.48225521574898
86.5 512 -2.9384738674888 0.48254814625523
86.6 512 -2.9384738675154 0.4828442313732
86.7 512 -2.9384738675421 0.4831433853322
86.8 512 -2.9384738675687 0.48344549476575
86.9 512 -2.9384738675954 0.48375041769155
87 512 -2.938473867622 0.48405798279343
87.1 512 -2.9384738677774 0.48436799059391
87.2 512 -2.938473867804 0.48468020721185
87.3 512 -2.9384738678306 0.48499437404439
87.4 512 -2.9384738678572 0.48531020231629
87.5 512 -2.9384738678838 0.48562737579236
87.6 512 -2.9384738679104 0.48594555234241
87.7 512 -2.9384738679369 0.48626436590235
87.8 512 -2.9384738679636 0.4865834288215
87.9 512 -2.9384738680678 0.48690234079581
88 512 -2.9384738681421 0.48722067056772
88.1 512 -2.9384738683318 0.4875379845214
88.2 512 -2.9384738683914 0.4878538350155
88.3 512 -2.9384738684652 0.48816777410859
88.4 512 -2.9384738685626 0.48847935041286
88.5 512 -2.9384738685893 0.4887881193617
88.6 512 -2.9384738686161 0.48909363240506
88.7 512 -2.9384738686429 0.48939545532655
88.8 512 -2.9384738686697 0.48969316718526
88.9 512 -2.9384738686965 0.48998636371348
89 512 -2.9384738687233 0.49027466046831
89.1 512 -2.9384738688909 0.49055769752019
89.2 512 -2.9384738689178 0.49083513459695
89.3 512 -2.9384738689446 0.49110666423332
89.4 512 -2.9384738689714 0.49137200611365
89.5 512 -2.9384738689983 0.49163091017292
89.6 512 -2.9384738690251 0.49188315741232
89.7 512 -2.9384738690519 0.49212856026633
89.8 512 -2.9384738690788 0.49236696252915
89.9 512 -2.9384738691056 0.49259823885718
90 512 -2.9384738691325 0.49282229387262
90.1 512 -2.9384738693113 0.49303906281261
90.2 512 -2.9384738693382 0.4932485022909
90.3 512 -2.938473869365 0.4934505998914
90.4 512 -2.9384738693919 0.49364536441299
90.5 512 -2.9384738694188 0.4938328254836
90.6 512 -2.9384738694457 0.49401303113113
90.7 512 -2.9384738694726 0.49418604527673
90.8 512 -2.9384738694995 0.49435194520705
90.9 512 -2.9384738695264 0.49451081908109
91 512 -2.9384738695534 0.49466276352183
91.1 512 -2.9384738697488 0.49480788298415
91.2 512 -2.9384738697758 0.49494628104113
91.3 512 -2.9384738698029 0.4950780683068
91.4 512 -2.93847386983 0.49520335413875
91.5 512 -2.9384738698571 0.49532224676424
91.6 512 -2.9384738698842 0.49543485200472
91.7 512 -2.9384738699114 0.49554127224105
91.8 512 -2.9384738699386 0.49564160561705
91.9 512 -2.9384738699659 0.49573594547338
92 512 -2.9384738699931 0.49582437999757
92.1 512 -2.9384738702076 0.4959069935348
92.2 512 -2.9384738702349 0.49598386076521
92.3 512 -2.9384738702621 0.49605505563223
92.4 512 -2.9384738702894 0.49612064581306
92.5 512 -2.9384738703167 0.49618069456514
92.6 512 -2.938473870344 0.49623526118856
92.7 512 -2.9384738703712 0.49628440153248
92.8 512 -2.9384738703985 0.49632816852198
92.9 512 -2.9384738704258 0.49636661268454
93 512 -2.9384738704531 0.49639978265844
93.1 512 -2.9384738706768 0.49642772741604
93.2 512 -2.9384738707041 0.49645048970118
93.3 512 -2.9384738707314 0.49646811690521
93.4 512 -2.9384738707588 0.4964806543917
93.5 512 -2.9384738707862 0.49648814751083
93.6 512 -2.9384738708137 0.49649064180862
93.7 512 -2.9384738708411 0.4964881831892
93.8 512 -2.9384738708687 0.49648081804585
93.9 512 -2.9384738708963 0.49646859338033
94 512 -2.9384738709239 0.4964515569275
94.1 512 -2.9384738711675 0.49642975942766
94.2 512 -2.9384738711952 0.49640324623636
94.3 512 -2.938473871223 0.4963720703185
94.4 512 -2.9384738712509 0.49633628389247
94.5 512 -2.9384738712788 0.49629594080457
94.6 512 -2.9384738713068 0.49625109681224
94.7 512 -2.9384738713348 0.49620180992041
94.8 512 -2.9384738713629 0.49614814076936
94.9 512 -2.938473871391 0.49609015306732
95 512 -2.9384738714192 0.49602791405658
95.1 512 -2.9384738716776 0.49596149709864
95.2 512 -2.9384738717057 0.49589097375409
95.3 512 -2.9384738717339 0.49581642688896
95.4 512 -2.9384738717621 0.49573794268789
95.5 512 -2.9384738717903 0.49565561315419
95.6 512 -2.9384738718185 0.49556953642758
95.7 512 -2.9384738718467 0.49547981701041
95.8 512 -2.9384738718749 0.49538656588635
95.9 512 -2.938473871903 0.49528990052017
96 512 -2.9384738719311 0.49518994473106
96.1 512 -2.9384738722104 0.49508683039656
96.2 512 -2.9384738722384 0.49498068919304
96.3 512 -2.9384738722665 0.49487166390864
96.4 512 -2.9384738722946 0.49475989988324
96.5 512 -2.9384738723226 0.49464554622104
96.6 512 -2.9384738723506 0.49452875491569
96.7 512 -2.9384738723786 0.49440967988727
96.8 512 -2.9384738724066 0.49428847595243
96.9 512 -2.9384738724345 0.49416529775208
97 512 -2.9384738724624 0.49404029866298
97.1 512 -2.9384738727725 0.49391363144889
97.2 512 -2.9384738728004 0.49378544028821
97.3 512 -2.9384738728282 0.49365587024244
97.4 512 -2.938473872856 0.49352505939824
97.5 512 -2.9384738728837 0.49339313985983
97.6 512 -2.9384738729114 0.49326023713015
97.7 512 -2.9384738729391 0.49312646965004
97.8 512 -2.9384738729668 0.49299194850979
97.9 512 -2.9384738729945 0.49285677734126
98 512 -2.9384738730221 0.49272105239144
98.1 512 -2.938473873345 0.49258486464556
98.2 512 -2.9384738733727 0.49244829271486
98.3 512 -2.9384738734003 0.49231141468478
98.4 512 -2.9384738734279 0.49217430125627
98.5 512 -2.9384738734554 0.49203701844259
98.6 512 -2.938473873483 0.49189962848332
98.7 512 -2.9384738735105 0.49176219083695
98.8 512 -2.938473873538 0.49162476321588
98.9 512 -2.9384738735655 0.49148740262529
99 512 -2.9384738736261 0.49135016692515
99.1 512 -2.9384738740036 0.4912131157866
99.2 512 -2.9384738740956 0.49107630735795
99.3 512 -2.9384738741867 0.49093980619225
99.4 512 -2.938473874277 0.49080367929981
99.5 512 -2.9384738743665 0.4906679976793
99.6 512 -2.9384738744553 0.49053283666625
99.7 512 -2.9384738745435 0.49039827612872
99.8 512 -2.9384738746311 0.49026440050921
99.9 512 -2.9384738747182 0.4901312987173
100 512 -2.9384738748048 0.48999906388252
