0 23 -1.9385126906158 0.9999421290274
0.1 26 -1.9385127179399 0.99988259528465
0.2 26 -1.9385127179914 0.99970409718
0.3 26 -1.9385127180573 0.99940694316989
0.4 26 -1.9385127181178 0.99899164601476
0.5 26 -1.9385127181794 0.99845892076316
0.6 26 -1.938512718244 0.99780968196418
0.7 26 -1.9385127183124 0.99704504010867
0.8 26 -1.9385127183853 0.99616629732706
0.9 26 -1.9385127184633 0.99517494237053
1 26 -1.9385127185472 0.99407264490697
1.1 29 -1.9385127186412 0.99286124919674
1.2 29 -1.9385127186497 0.99154276689628
1.3 29 -1.9385127186567 0.99011937000275
1.4 29 -1.9385127186708 0.98859338235177
1.5 29 -1.9385127186796 0.98696727120873
1.6 29 -1.9385127186842 0.98524363832562
1.7 29 -1.9385127187397 0.98342521068582
1.8 29 -1.9385127187424 0.98151483055684
1.9 29 -1.9385127187474 0.97951544598322
2 29 -1.9385127187545 0.97743010044787
2.1 29 -1.9385127187626 0.97526192295202
2.2 29 -1.9385127187711 0.9730141165889
2.3 29 -1.9385127187793 0.97068994917214
2.4 29 -1.9385127187865 0.96829274239744
2.5 29 -1.9385127187924 0.96582586146437
2.6 29 -1.9385127187972 0.96329270479085
2.7 29 -1.9385127188011 0.96069669386578
2.8 29 -1.9385127188042 0.95804126327327
2.9 29 -1.9385127188069 0.9553298509378
3 29 -1.9385127188092 0.95256588862818
3.1 29 -1.9385127188113 0.94975279287588
3.2 29 -1.9385127188132 0.94689395568405
3.3 29 -1.9385127188152 0.94399273648099
3.4 29 -1.9385127188171 0.94105245373176
3.5 29 -1.9385127188192 0.93807637720136
3.6 29 -1.9385127188215 0.93506772058582
3.7 29 -1.9385127188242 0.93202963456816
3.8 29 -1.9385127188274 0.92896520031248
3.9 29 -1.9385127188315 0.92587742340587
4 29 -1.9385127188368 0.92276922823989
4.1 30 -1.9385127188523 0.91964345292001
4.2 30 -1.9385127188615 0.91650284391293
4.3 30 -1.9385127188737 0.91335005265262
4.4 30 -1.9385127188903 0.91018763117855
4.5 30 -1.9385127189125 0.90701802880607
4.6 30 -1.938512718942 0.90384358911439
4.7 30 -1.9385127189803 0.90066654736589
4.8 30 -1.9385127190291 0.89748902835772
4.9 30 -1.9385127190912 0.89431304466826
5 30 -1.9385127191698 0.89114049526205
5.1 31 -1.9385127192679 0.88797316385289
5.2 31 -1.9385127193871 0.88481271991263
5.3 31 -1.9385127195307 0.88166071723555
5.4 31 -1.9385127195391 0.87851859424657
5.5 31 -1.9385127195493 0.87538767346649
5.6 31 -1.9385127195617 0.87226916330366
5.7 31 -1.9385127195769 0.86916415867748
5.8 31 -1.9385127195954 0.86607364229401
5.9 31 -1.9385127196178 0.86299848620329
6 31 -1.9385127196448 0.85993945362869
6.1 31 -1.9385127196756 0.8568972013275
6.2 31 -1.9385127197088 0.85387228100181
6.3 31 -1.9385127197443 0.85086514313577
6.4 31 -1.9385127197822 0.84787613904443
6.5 31 -1.9385127198225 0.84490552408355
6.6 31 -1.9385127198657 0.84195346089423
6.7 31 -1.9385127199125 0.83902002285162
6.8 31 -1.9385127199642 0.83610519770752
6.9 31 -1.9385127200227 0.83320889141613
7 31 -1.938512720091 0.83033093213256
7.1 31 -1.9385127201746 0.82747107747775
7.2 31 -1.9385127201784 0.82462900794618
7.3 31 -1.9385127201829 0.82180434280134
7.4 31 -1.9385127201882 0.81899663995157
7.5 31 -1.9385127201945 0.8162054014605
7.6 31 -1.9385127202021 0.81343007866697
7.7 31 -1.9385127202112 0.81067007736557
7.8 31 -1.9385127202222 0.80792476302911
7.9 31 -1.9385127202356 0.80519346605567
8 31 -1.9385127202519 0.80247548702146
8.1 32 -1.9385127202719 0.79977010242022
8.2 32 -1.9385127202957 0.79707656774522
8.3 32 -1.9385127203244 0.79439412598566
8.4 32 -1.9385127203587 0.79172201037855
8.5 32 -1.9385127203993 0.789059450016
8.6 32 -1.9385127204473 0.78640567472499
8.7 32 -1.9385127205036 0.78375991982195
8.8 32 -1.9385127205692 0.78112143072627
8.9 32 -1.9385127206453 0.7784894674167
9 32 -1.9385127207331 0.77586330871573
9.1 32 -1.9385127208328 0.77324225684919
9.2 32 -1.938512720944 0.77062563987941
9.3 32 -1.9385127210676 0.76801281700797
9.4 32 -1.9385127212051 0.76540318135249
9.5 32 -1.9385127213578 0.76279616323943
9.6 32 -1.9385127213749 0.76019123369732
9.7 32 -1.9385127213927 0.75758790571484
9.8 32 -1.9385127214111 0.75498573815285
9.9 32 -1.9385127214302 0.75238433750385
10 32 -1.9385127214497 0.74978335985082
10.1 35 -1.9385127214692 0.7471825119319
10.2 35 -1.9385127214878 0.74458155454436
10.3 35 -1.9385127215056 0.74198030152735
10.4 35 -1.9385127215228 0.73937862160995
10.5 35 -1.9385127215394 0.73677643892376
10.6 35 -1.9385127215556 0.73417373338652
10.7 35 -1.9385127215714 0.73157054083309
10.8 35 -1.9385127215872 0.72896695290062
10.9 35 -1.938512721603 0.72636311667452
11 35 -1.938512721619 0.7237592341018
11.1 37 -1.9385127216357 0.72115556025588
11.2 37 -1.938512721653 0.71855240545518
11.3 37 -1.9385127216711 0.71595013009752
11.4 37 -1.9385127216903 0.71334914534118
11.5 37 -1.9385127217108 0.71074991105753
11.6 37 -1.9385127217327 0.70815293401638
11.7 37 -1.9385127217564 0.70555876589267
11.8 37 -1.9385127217822 0.70296800110269
11.9 37 -1.9385127218102 0.70038127447715
12 37 -1.9385127218408 0.69779925877831
12.1 39 -1.9385127218828 0.69522266082736
12.2 39 -1.9385127219294 0.69265222347324
12.3 39 -1.9385127219798 0.6900887159083
12.4 39 -1.9385127220344 0.68753293492251
12.5 39 -1.9385127220933 0.68498570072777
12.6 39 -1.9385127221572 0.68244785367842
12.7 39 -1.9385127222267 0.67992025088595
12.8 39 -1.9385127223027 0.6774037627341
12.9 39 -1.9385127223863 0.67489926930221
13 39 -1.9385127224791 0.67240765670595
13.1 41 -1.9385127224863 0.66992981259286
13.2 41 -1.9385127224936 0.66746662613955
13.3 41 -1.9385127225013 0.66501897755189
13.4 41 -1.9385127225094 0.66258773921884
13.5 41 -1.938512722518 0.66017377040302
13.6 41 -1.938512722527 0.65777791333367
13.7 41 -1.9385127225365 0.65540098930879
13.8 41 -1.9385127225465 0.65304379482697
13.9 41 -1.9385127225569 0.65070709776917
14 41 -1.9385127225678 0.64839163365146
14.1 43 -1.9385127225797 0.64609810017805
14.2 43 -1.9385127225922 0.6438271606429
14.3 43 -1.9385127226057 0.64157943050735
14.4 43 -1.93851272262 0.63935548055338
14.5 43 -1.9385127226353 0.63715583232864
14.6 43 -1.9385127226515 0.63498095530321
14.7 43 -1.9385127226686 0.63283126426552
14.8 43 -1.9385127226866 0.63070711697692
14.9 43 -1.9385127227055 0.62860881210586
15 43 -1.9385127227253 0.62653658746181
15.1 44 -1.9385127227462 0.62449061660617
15.2 44 -1.9385127227679 0.62247101512602
15.3 44 -1.9385127227906 0.62047782934554
15.4 44 -1.9385127228144 0.61851104257315
15.5 44 -1.9385127228391 0.61657057349934
15.6 44 -1.9385127228647 0.61465627654173
15.7 44 -1.9385127228913 0.61276794256878
15.8 44 -1.9385127229185 0.61090530000185
15.9 44 -1.9385127229462 0.60906801629157
16 44 -1.9385127229742 0.60725569976122
16.1 46 -1.9385127230366 0.60546789914542
16.2 46 -1.9385127231254 0.60370411597121
16.3 46 -1.9385127232207 0.60196379383988
16.4 46 -1.9385127233208 0.60024632995526
16.5 46 -1.9385127234252 0.59855107665145
16.6 46 -1.9385127235337 0.59687734511666
16.7 46 -1.9385127236461 0.59522440933667
16.8 46 -1.9385127236512 0.59359151146273
16.9 46 -1.9385127236566 0.59197786247207
17 46 -1.9385127236623 0.59038265017777
17.1 48 -1.9385127236685 0.58880504052519
17.2 48 -1.9385127236748 0.58724419040231
17.3 48 -1.9385127236815 0.58569923986984
17.4 48 -1.9385127236887 0.58416932500933
17.5 48 -1.9385127236962 0.58265358042023
17.6 48 -1.9385127237042 0.58115114368751
17.7 48 -1.9385127237127 0.57966115974097
17.8 48 -1.9385127237218 0.57818278507474
17.9 48 -1.9385127237315 0.57671519179913
18 48 -1.9385127237417 0.57525757149954
18.1 51 -1.9385127237528 0.57380913666375
18.2 51 -1.9385127237644 0.57236913258672
18.3 51 -1.9385127237766 0.57093682833308
18.4 51 -1.9385127237897 0.5695115273878
18.5 51 -1.9385127238035 0.56809256843099
18.6 51 -1.9385127238181 0.56667932767337
18.7 51 -1.9385127238337 0.56527122090599
18.8 51 -1.9385127238502 0.56386770526158
18.9 51 -1.9385127238678 0.56246828068946
19 51 -1.9385127238865 0.56107249114932
19.1 51 -1.9385127239066 0.55967992302584
19.2 51 -1.9385127239279 0.55829021544592
19.3 51 -1.9385127239506 0.55690304675547
19.4 51 -1.9385127239749 0.55551814359392
19.5 51 -1.9385127240009 0.55413527872541
19.6 51 -1.9385127240289 0.55275427077953
19.7 51 -1.938512724059 0.55137498380733
19.8 51 -1.9385127240914 0.54999732666807
19.9 51 -1.9385127241264 0.54862125226416
20 51 -1.9385127241642 0.5472467566421
20.1 52 -1.9385127242053 0.54587387552168
20.2 52 -1.9385127242497 0.54450269265485
20.3 52 -1.9385127242978 0.54313332494478
20.4 52 -1.9385127243498 0.5417659299408
20.5 52 -1.9385127244063 0.54040070241348
20.6 52 -1.9385127244673 0.5390378729883
20.7 52 -1.9385127245334 0.53767770674591
20.8 52 -1.938512724605 0.53632050179793
20.9 52 -1.9385127246822 0.53496658784526
21 52 -1.9385127247656 0.53361632472383
21.1 55 -1.9385127248574 0.53227009817059
21.2 55 -1.9385127249561 0.53092832894665
21.3 55 -1.9385127249592 0.52959145738887
21.4 55 -1.9385127249624 0.52825994804381
21.5 55 -1.9385127249656 0.52693428932447
21.6 55 -1.9385127249689 0.5256149908752
21.7 55 -1.9385127249723 0.52430258204154
21.8 55 -1.9385127249757 0.52299761031583
21.9 55 -1.9385127249792 0.52170063975231
22 55 -1.9385127249827 0.52041224934544
22.1 57 -1.9385127249865 0.51913302851148
22.2 57 -1.9385127249903 0.51786358640491
22.3 57 -1.9385127249941 0.51660453415367
22.4 57 -1.938512724998 0.51535649335303
22.5 57 -1.938512725002 0.51412009165391
22.6 57 -1.9385127250062 0.51289596080434
22.7 57 -1.9385127250104 0.51168473461505
22.8 57 -1.9385127250148 0.51048704685191
22.9 57 -1.9385127250193 0.50930352905597
23 57 -1.9385127250239 0.50813480829315
23.1 59 -1.9385127250289 0.50698150248376
23.2 59 -1.9385127250338 0.50584422733776
23.3 59 -1.9385127250389 0.50472358009083
23.4 59 -1.9385127250442 0.50362014615214
23.5 59 -1.9385127250496 0.50253449432412
23.6 59 -1.9385127250551 0.5014671742595
23.7 59 -1.9385127250609 0.50041871390523
23.8 59 -1.9385127250669 0.49938961694798
23.9 59 -1.938512725073 0.49838036027691
24 59 -1.9385127250794 0.49739139148008
24.1 61 -1.9385127251119 0.49642312385986
24.2 61 -1.9385127251499 0.49547594362543
24.3 61 -1.9385127251894 0.49455019405042
24.4 61 -1.9385127252302 0.4936461817778
24.5 61 -1.9385127252722 0.49276417275929
24.6 61 -1.9385127253155 0.49190439033366
24.7 61 -1.93851272536 0.49106701346437
24.8 61 -1.9385127254057 0.49025217515455
24.9 61 -1.9385127254527 0.48945996105556
25 61 -1.9385127255008 0.48869040828419
25.1 64 -1.9385127255503 0.48794350227048
25.2 64 -1.9385127256008 0.48721918467529
25.3 64 -1.9385127256524 0.48651734012839
25.4 64 -1.938512725705 0.48583780439341
25.5 64 -1.9385127257586 0.48518036233219
25.6 64 -1.9385127258133 0.4845447481986
25.7 64 -1.9385127258689 0.48393064619806
25.8 64 -1.9385127259254 0.4833376913126
25.9 64 -1.9385127259827 0.48276547038888
26 64 -1.9385127260409 0.4822135234844
26.1 67 -1.9385127261001 0.48168134353295
26.2 67 -1.9385127261598 0.48116838570701
26.3 67 -1.9385127262204 0.4806740585114
26.4 67 -1.9385127262816 0.48019773318025
26.5 67 -1.9385127263435 0.47973874443854
26.6 67 -1.9385127264061 0.47929639317421
26.7 67 -1.9385127264694 0.47886994927623
26.8 67 -1.9385127265333 0.47845865461905
26.9 67 -1.938512726598 0.47806172617262
27 67 -1.9385127266634 0.47767835921633
27.1 68 -1.9385127267299 0.47730772860874
27.2 68 -1.9385127267971 0.47694899989053
27.3 68 -1.9385127268652 0.47660132158088
27.4 68 -1.9385127269342 0.47626383562805
27.5 68 -1.9385127270043 0.47593567912643
27.6 68 -1.9385127270754 0.4756159876802
27.7 68 -1.9385127271478 0.47530389871377
27.8 68 -1.9385127272216 0.47499855470993
27.9 68 -1.9385127272969 0.47469910635713
28 68 -1.9385127273739 0.47440471558886
28.1 69 -1.9385127274529 0.47411455669865
28.2 69 -1.9385127275337 0.47382782617166
28.3 69 -1.9385127276167 0.47354373496137
28.4 69 -1.9385127277018 0.47326151771103
28.5 69 -1.9385127277895 0.47298043340692
28.6 69 -1.9385127278797 0.47269976750801
28.7 69 -1.9385127279729 0.47241883389824
28.8 69 -1.938512728069 0.47213697665899
28.9 69 -1.9385127281685 0.47185357166138
29 69 -1.9385127282714 0.47156802798002
29.1 72 -1.9385127283837 0.47127978699191
29.2 72 -1.9385127284996 0.47098833147065
29.3 72 -1.9385127285159 0.47069317659401
29.4 72 -1.9385127285332 0.47039387359432
29.5 72 -1.9385127285517 0.47009001281531
29.6 72 -1.9385127285712 0.46978122280374
29.7 72 -1.938512728592 0.46946717062922
29.8 72 -1.9385127286141 0.46914756208064
29.9 72 -1.9385127286374 0.468822141749
30 72 -1.9385127286622 0.4684906930065
30.1 76 -1.9385127286886 0.46815303638563
30.2 76 -1.9385127287163 0.46780903527433
30.3 76 -1.9385127287457 0.46745858698732
30.4 76 -1.9385127287767 0.46710162805756
30.5 76 -1.9385127288094 0.46673813245275
30.6 76 -1.9385127288438 0.46636811111127
30.7 76 -1.93851272888 0.46599161142736
30.8 76 -1.9385127289181 0.4656087166889
30.9 76 -1.9385127289582 0.46521954547061
31 76 -1.9385127290001 0.46482425098427
31.1 79 -1.9385127290449 0.46442301852614
31.2 79 -1.9385127290918 0.46401607172941
31.3 79 -1.9385127291408 0.4636036619814
31.4 79 -1.9385127291919 0.46318607369226
31.5 79 -1.9385127292452 0.46276362199428
31.6 79 -1.9385127293007 0.46233665181674
31.7 79 -1.9385127293584 0.46190553690062
31.8 79 -1.9385127294183 0.46147067875109
31.9 79 -1.9385127294804 0.46103250552416
32 79 -1.9385127295448 0.46059147084298
32.1 83 -1.9385127296115 0.46014805097925
32.2 83 -1.9385127296804 0.45970274966432
32.3 83 -1.9385127297514 0.45925608759445
32.4 83 -1.9385127298247 0.45880860688805
32.5 83 -1.9385127299002 0.45836086803408
32.6 83 -1.9385127299779 0.45791344822089
32.7 83 -1.9385127300578 0.45746693958015
32.8 83 -1.93851273014 0.45702194734759
32.9 83 -1.9385127302244 0.4565790879435
33 83 -1.938512730311 0.45613898697739
33.1 87 -1.9385127304 0.45570227562827
33.2 87 -1.9385127304912 0.45526959465224
33.3 87 -1.9385127305847 0.45484158311693
33.4 87 -1.9385127306805 0.45441888214182
33.5 87 -1.9385127307787 0.45400213116178
33.6 87 -1.9385127308792 0.45359196563838
33.7 87 -1.9385127308829 0.4531890155214
33.8 87 -1.9385127308866 0.45279390065295
33.9 87 -1.9385127308903 0.4524072307933
34 87 -1.938512730894 0.45202960259346
34.1 90 -1.9385127308979 0.45166159560934
34.2 90 -1.9385127309018 0.45130377713849
34.3 90 -1.9385127309056 0.45095668980047
34.4 90 -1.9385127309096 0.45062085636725
34.5 90 -1.9385127309135 0.45029677615618
34.6 90 -1.9385127309175 0.4499849232509
34.7 90 -1.9385127309216 0.44968574483986
34.8 90 -1.9385127309257 0.44939965968681
34.9 90 -1.9385127309298 0.44912705674327
35 90 -1.9385127309341 0.4488682939111
35.1 94 -1.9385127309385 0.44862369532765
35.2 94 -1.9385127309429 0.4483935568439
35.3 94 -1.9385127309473 0.44817813589535
35.4 94 -1.9385127310038 0.44797766065333
35.5 94 -1.9385127311114 0.44779232081015
35.6 94 -1.9385127312171 0.44762226732559
35.7 94 -1.9385127313207 0.44746761971063
35.8 94 -1.9385127314223 0.44732846239352
35.9 94 -1.9385127315219 0.44720484494163
36 94 -1.9385127316192 0.44709678242898
36.1 97 -1.9385127316689 0.44700425158786
36.2 97 -1.9385127317618 0.44692720881998
36.3 97 -1.9385127318523 0.44686556492586
36.4 97 -1.9385127319406 0.44681920327758
36.5 97 -1.9385127320265 0.44678797644572
36.6 97 -1.9385127321102 0.44677170723196
36.7 97 -1.9385127321918 0.44677018977153
36.8 97 -1.9385127322714 0.44678319069311
36.9 97 -1.9385127323493 0.44681045032453
37 97 -1.9385127324257 0.44685168393249
37.1 100 -1.9385127324662 0.44690657911078
37.2 100 -1.9385127325405 0.44697481248227
37.3 100 -1.9385127326142 0.44705602794708
37.4 100 -1.9385127326878 0.44714985324275
37.5 100 -1.9385127327615 0.44725589739996
37.6 100 -1.9385127328359 0.44737375198562
37.7 100 -1.9385127329111 0.44750299232084
37.8 100 -1.9385127329877 0.44764317866997
37.9 100 -1.9385127330658 0.44779385739794
38 100 -1.9385127331459 0.44795456209446
38.1 103 -1.9385127332092 0.44812481088381
38.2 103 -1.9385127333125 0.44830412247652
38.3 103 -1.9385127334182 0.44849199491149
38.4 103 -1.9385127335264 0.44868792127151
38.5 103 -1.9385127336372 0.44889138702423
38.6 103 -1.9385127337504 0.4491018709849
38.7 103 -1.938512733866 0.44931884627069
38.8 103 -1.9385127339839 0.44954178125347
38.9 103 -1.9385127341038 0.44977014051748
39 103 -1.9385127342255 0.45000338582861
39.1 108 -1.9385127343553 0.4502409760657
39.2 108 -1.9385127344799 0.45048237235954
39.3 108 -1.9385127346055 0.45072703309875
39.4 108 -1.9385127347317 0.45097441893173
39.5 108 -1.9385127348582 0.4512239929398
39.6 108 -1.9385127349847 0.45147522180916
39.7 108 -1.9385127351109 0.45172757705369
39.8 108 -1.9385127352365 0.45198053629079
39.9 108 -1.9385127353612 0.45223358457159
40 108 -1.9385127354847 0.45248621576569
40.1 110 -1.9385127356053 0.45273793256198
40.2 110 -1.9385127357259 0.45298825364566
40.3 110 -1.9385127358449 0.45323670678398
40.4 110 -1.9385127359621 0.45348283597813
40.5 110 -1.9385127360774 0.4537262016819
40.6 110 -1.9385127361908 0.45396638242793
40.7 110 -1.9385127363024 0.4542029764637
40.8 110 -1.9385127364122 0.45443560338591
40.9 110 -1.9385127365202 0.45466390575933
41 110 -1.9385127366266 0.45488755070583
41.1 113 -1.9385127367407 0.45510623010701
41.2 113 -1.9385127368442 0.45531966736743
41.3 113 -1.9385127369465 0.45552761100769
41.4 113 -1.9385127370477 0.45572984111009
41.5 113 -1.938512737148 0.45592616923679
41.6 113 -1.9385127372475 0.4561164394921
41.7 113 -1.9385127373466 0.45630052943546
41.8 113 -1.9385127374452 0.45647835082956
41.9 113 -1.9385127375438 0.45664985020811
42 113 -1.9385127376423 0.45681500924907
42.1 116 -1.9385127377123 0.45697384096386
42.2 116 -1.9385127378115 0.45712640542418
42.3 116 -1.9385127379114 0.45727278599494
42.4 116 -1.9385127380121 0.45741310435495
42.5 116 -1.9385127381139 0.45754751588028
42.6 116 -1.9385127382168 0.45767620864319
42.7 116 -1.9385127383212 0.45779940216633
42.8 116 -1.9385127384271 0.45791734593524
42.9 116 -1.9385127385348 0.45803031767411
43 116 -1.9385127386443 0.45813862139291
43.1 119 -1.9385127387717 0.45824258343501
43.2 119 -1.938512738885 0.45834255717224
43.3 119 -1.9385127390002 0.45843890991364
43.4 119 -1.9385127391172 0.45853202713177
43.5 119 -1.938512739236 0.45862230784842
43.6 119 -1.9385127393563 0.45871016162009
43.7 119 -1.938512739478 0.45879600542039
43.8 119 -1.9385127396009 0.45888026044565
43.9 119 -1.9385127397247 0.45896334887153
44 119 -1.9385127398491 0.45904569058955
44.1 122 -1.938512739943 0.45912769616433
44.2 122 -1.9385127400681 0.45920977873152
44.3 122 -1.9385127401933 0.45929232824424
44.4 122 -1.9385127403182 0.45937572346276
44.5 122 -1.9385127404427 0.45946032528708
44.6 122 -1.9385127405667 0.45954647399719
44.7 122 -1.9385127406901 0.45963448667686
44.8 122 -1.9385127408129 0.45972465484633
44.9 122 -1.938512740935 0.45981724232724
45 122 -1.9385127410564 0.45991248336053
45.1 126 -1.9385127411586 0.46001057755896
45.2 126 -1.9385127412819 0.4601117022729
45.3 126 -1.9385127414049 0.46021599112056
45.4 126 -1.9385127415277 0.46032354684213
45.5 126 -1.9385127416504 0.46043443752295
45.6 126 -1.938512741773 0.46054869651007
45.7 126 -1.9385127418958 0.46066632264551
45.8 126 -1.9385127420189 0.46078728081158
45.9 126 -1.9385127421424 0.46091150278072
46 126 -1.9385127422666 0.46103888835868
46.1 128 -1.9385127423798 0.46116930430094
46.2 128 -1.9385127425059 0.46130259606599
46.3 128 -1.9385127426332 0.46143857457142
46.4 128 -1.9385127427619 0.46157702849817
46.5 128 -1.9385127428921 0.46171772408195
46.6 128 -1.9385127430239 0.46186040762206
46.7 128 -1.9385127431574 0.46200480813058
46.8 128 -1.9385127432927 0.46215064009211
46.9 128 -1.93851274343 0.46229760630377
47 128 -1.9385127435692 0.46244540076443
47.1 132 -1.9385127437013 0.46259370962124
47.2 132 -1.9385127438446 0.46274222192512
47.3 132 -1.9385127438917 0.46289062100217
47.4 132 -1.9385127439395 0.46303859409292
47.5 132 -1.938512743988 0.4631858341163
47.6 132 -1.9385127440375 0.4633320418633
47.7 132 -1.9385127440879 0.46347692840383
47.8 132 -1.9385127441395 0.46362021732321
47.9 132 -1.9385127441925 0.46376164676928
48 132 -1.9385127442469 0.4639009712941
48.1 135 -1.938512744342 0.46403796269598
48.2 135 -1.9385127444001 0.46417241450966
48.3 135 -1.9385127444605 0.46430413855827
48.4 135 -1.9385127445232 0.46443296891997
48.5 135 -1.9385127445884 0.46455876184682
48.6 135 -1.9385127446563 0.46468139620301
48.7 135 -1.9385127447271 0.46480077366867
48.8 135 -1.9385127448007 0.46491681871739
48.9 135 -1.9385127448773 0.46502947837784
49 135 -1.9385127449569 0.46513872179243
49.1 140 -1.9385127450671 0.46524453868544
49.2 140 -1.9385127451525 0.46534694216916
49.3 140 -1.9385127452407 0.46544596237784
49.4 140 -1.9385127453315 0.4655416490173
49.5 140 -1.9385127454249 0.46563406924829
49.6 140 -1.9385127455206 0.46572330640927
49.7 140 -1.9385127456186 0.46580945867094
49.8 140 -1.9385127457187 0.46589263764692
49.9 140 -1.9385127458206 0.46597296698261
50 140 -1.9385127459243 0.46605058094402
50.1 143 -1.9385127459999 0.46612562153287
50.2 143 -1.9385127461064 0.46619824314106
50.3 143 -1.9385127462142 0.46626860220238
50.4 143 -1.938512746323 0.46633686203714
50.5 143 -1.9385127464328 0.46640319019547
50.6 143 -1.9385127465433 0.4664677574228
50.7 143 -1.9385127466546 0.46653073673454
50.8 143 -1.9385127467664 0.46659230260738
50.9 143 -1.9385127468787 0.46665263029227
51 143 -1.9385127469915 0.46671189525177
51.1 146 -1.9385127470736 0.46677027144372
51.2 146 -1.9385127471869 0.46682793598184
51.3 146 -1.9385127473004 0.46688506170331
51.4 146 -1.938512747414 0.46694182174126
51.5 146 -1.9385127475277 0.46699838842873
51.6 146 -1.9385127476413 0.46705493341203
51.7 146 -1.9385127477548 0.46711162784667
51.8 146 -1.9385127478682 0.46716864266291
51.9 146 -1.9385127479812 0.46722614888655
52 146 -1.938512748094 0.4672843180001
52.1 149 -1.9385127481783 0.46734332186369
52.2 149 -1.9385127482902 0.46740333504698
52.3 149 -1.9385127484014 0.46746453219452
52.4 149 -1.938512748512 0.46752709048486
52.5 149 -1.9385127486217 0.46759118941472
52.6 149 -1.9385127487306 0.46765701107467
52.7 149 -1.9385127488386 0.46772474035963
52.8 149 -1.9385127489457 0.4677945651022
52.9 149 -1.9385127490516 0.46786667611805
53 149 -1.9385127491565 0.4679412671544
53.1 151 -1.9385127492394 0.46801853477329
53.2 151 -1.9385127493422 0.46809867798169
53.3 151 -1.938512749444 0.4681818979244
53.4 151 -1.9385127495448 0.46826839740168
53.5 151 -1.9385127496447 0.46835838023922
53.6 151 -1.9385127497438 0.46845205056727
53.7 151 -1.9385127498423 0.46854961199131
53.8 151 -1.9385127499404 0.46865126666086
53.9 151 -1.938512750038 0.46875721424452
54 151 -1.9385127501355 0.4688676508209
54.1 155 -1.9385127502183 0.46898276813224
54.2 155 -1.9385127503159 0.46910275065079
54.3 155 -1.9385127504138 0.4692277767537
54.4 155 -1.9385127505122 0.46935801580546
54.5 155 -1.9385127506111 0.46949362720935
54.6 155 -1.9385127507108 0.4696347590683
54.7 155 -1.9385127508113 0.46978154686117
54.8 155 -1.9385127509127 0.46993411215011
54.9 155 -1.9385127510152 0.4700925613349
55 155 -1.9385127511188 0.47025698446944
55.1 159 -1.9385127512086 0.47042745463157
55.2 159 -1.9385127513147 0.47060402501122
55.3 159 -1.9385127514221 0.4707867308295
55.4 159 -1.938512751531 0.47097558665858
55.5 159 -1.9385127516412 0.47117058621923
55.6 159 -1.9385127517529 0.47137170184063
55.7 159 -1.9385127518661 0.47157888406068
55.8 159 -1.9385127519808 0.47179206137146
55.9 159 -1.938512752097 0.47201114011333
56 159 -1.9385127522146 0.47223600451905
56.1 162 -1.9385127523147 0.47246651709921
56.2 162 -1.9385127524353 0.47270251828109
56.3 162 -1.9385127525574 0.47294382785892
56.4 162 -1.9385127526809 0.47319024502874
56.5 162 -1.9385127528058 0.47344154928168
56.6 162 -1.9385127529321 0.47369750128207
56.7 162 -1.9385127530598 0.47395784385997
56.8 162 -1.9385127531889 0.47422230310688
56.9 162 -1.9385127533194 0.47449058956295
57 162 -1.9385127534515 0.47476239948318
57.1 166 -1.9385127535619 0.47503741587424
57.2 166 -1.9385127536973 0.47531531110419
57.3 166 -1.9385127538345 0.47559574642521
57.4 166 -1.9385127539737 0.47587837473646
57.5 166 -1.9385127541151 0.47616284170877
57.6 166 -1.9385127542588 0.47644878724891
57.7 166 -1.9385127544051 0.47673584695254
57.8 166 -1.9385127545542 0.47702365353443
57.9 166 -1.9385127547063 0.47731183822571
58 166 -1.9385127548616 0.47760003212905
58.1 169 -1.9385127549019 0.47788786635086
58.2 169 -1.9385127549771 0.4781749776746
58.3 169 -1.9385127550555 0.47846100350157
58.4 169 -1.9385127551373 0.47874558687152
58.5 169 -1.9385127552226 0.47902837660037
58.6 169 -1.9385127553116 0.47930902825721
58.7 169 -1.9385127554042 0.4795872050696
58.8 169 -1.9385127555005 0.4798625787579
58.9 169 -1.9385127556006 0.48013483030083
59 169 -1.9385127557043 0.48040365063493
59.1 171 -1.9385127557627 0.48066873988623
59.2 171 -1.9385127558735 0.48092981360583
59.3 171 -1.9385127559875 0.48118659476713
59.4 171 -1.9385127561046 0.48143881996489
59.5 171 -1.9385127562245 0.48168623841829
59.6 171 -1.9385127562892 0.48192860994006
59.7 171 -1.9385127562973 0.48216571019374
59.8 171 -1.9385127563057 0.48239733099751
59.9 171 -1.9385127563141 0.48262327587895
60 171 -1.9385127563226 0.48284336278969
60.1 174 -1.9385127563315 0.48305742530916
60.2 174 -1.9385127563403 0.48326530942824
60.3 174 -1.9385127563493 0.48346687911271
60.4 174 -1.9385127563585 0.48366201313929
60.5 174 -1.9385127563677 0.48385060626165
60.6 174 -1.9385127563772 0.48403256951941
60.7 174 -1.9385127563868 0.48420783054453
60.8 174 -1.9385127563965 0.48437633386282
60.9 174 -1.9385127564065 0.48453804118701
61 174 -1.9385127564166 0.48469293169695
61.1 176 -1.9385127564888 0.4848410061428
61.2 176 -1.9385127566146 0.48498227700067
61.3 176 -1.9385127567375 0.48511677579659
61.4 176 -1.9385127568575 0.485244553906
61.5 176 -1.9385127569743 0.48536568116119
61.6 176 -1.9385127570879 0.48548024591457
61.7 176 -1.9385127571981 0.48558835503891
61.8 176 -1.9385127573049 0.48569013385598
61.9 176 -1.9385127574081 0.48578572598588
62 176 -1.9385127575077 0.48587529310953
62.1 179 -1.938512757564 0.48595901350376
62.2 179 -1.9385127576564 0.48603708612055
62.3 179 -1.9385127577453 0.48610972332414
62.4 179 -1.9385127578306 0.48617715471117
62.5 179 -1.9385127579126 0.48623962524595
62.6 179 -1.9385127579911 0.48629739439449
62.7 179 -1.9385127580664 0.48635073514653
62.8 179 -1.9385127581386 0.48639993292703
62.9 179 -1.9385127582079 0.48644528440036
63 179 -1.9385127582744 0.48648709617169
63.1 181 -1.9385127583589 0.48652568239068
63.2 181 -1.9385127584203 0.48656136732211
63.3 181 -1.9385127584796 0.48659447762679
63.4 181 -1.9385127585367 0.48662534487721
63.5 181 -1.9385127585921 0.48665430281931
63.6 181 -1.9385127586457 0.48668168563587
63.7 181 -1.9385127586979 0.48670782617905
63.8 181 -1.9385127587488 0.48673305418649
63.9 181 -1.9385127587986 0.48675769449591
64 181 -1.9385127588474 0.48678206527371
64.1 183 -1.9385127589057 0.48680647567164
64.2 183 -1.9385127589531 0.48683122654004
64.3 183 -1.9385127589999 0.48685660517461
64.4 183 -1.9385127590464 0.48688288617505
64.5 183 -1.9385127590926 0.48691032937018
64.6 183 -1.9385127591387 0.48693917845433
64.7 183 -1.9385127591847 0.48696965974061
64.8 183 -1.9385127592308 0.48700198104216
64.9 183 -1.938512759277 0.48703633069192
65 183 -1.9385127593234 0.48707287670911
65.1 185 -1.9385127593987 0.48711176565633
65.2 185 -1.9385127594458 0.48715312400647
65.3 185 -1.9385127594933 0.48719705489802
65.4 185 -1.9385127595411 0.48724363990359
65.5 185 -1.9385127595893 0.48729293849629
65.6 185 -1.9385127596379 0.48734498818018
65.7 185 -1.9385127596868 0.48739980477766
65.8 185 -1.9385127597361 0.48745738286848
65.9 185 -1.9385127597855 0.487517696373
66 185 -1.9385127598352 0.48758069927118
66.1 188 -1.938512759874 0.48764632622902
66.2 188 -1.9385127599238 0.48771449446718
66.3 188 -1.9385127599737 0.4877851034006
66.4 188 -1.9385127600234 0.4878580367694
66.5 188 -1.9385127600729 0.48793316361213
66.6 188 -1.9385127601222 0.48801033955126
66.7 188 -1.9385127601711 0.48808940812548
66.8 188 -1.9385127602196 0.48817020215267
66.9 188 -1.9385127602679 0.48825254510643
67 188 -1.938512760316 0.4883362524897
67.1 192 -1.9385127603555 0.48842113314001
67.2 192 -1.9385127604041 0.48850699079784
67.3 192 -1.9385127604533 0.48859362496692
67.4 192 -1.9385127605037 0.48868083247789
67.5 192 -1.9385127605555 0.48876840857888
67.6 192 -1.9385127606091 0.48885614805266
67.7 192 -1.9385127606649 0.48894384626106
67.8 192 -1.9385127607231 0.48903130010984
67.9 192 -1.938512760784 0.48911830892939
68 192 -1.9385127608478 0.48920467526833
68.1 197 -1.9385127608992 0.48929020462248
68.2 197 -1.9385127609693 0.48937470992315
68.3 197 -1.9385127610427 0.48945800631469
68.4 197 -1.9385127611194 0.48953991541033
68.5 197 -1.9385127611995 0.48962026472231
68.6 197 -1.9385127612829 0.48969888796408
68.7 197 -1.9385127613694 0.48977562528848
68.8 197 -1.938512761459 0.48985032346932
68.9 197 -1.9385127615516 0.48992283603499
69 197 -1.9385127616468 0.48999302336301
69.1 202 -1.9385127617581 0.49006075064596
69.2 202 -1.9385127618582 0.49012589631348
69.3 202 -1.9385127619603 0.49018833952586
69.4 202 -1.9385127620642 0.49024796854532
69.5 202 -1.9385127621696 0.49030467869453
69.6 202 -1.9385127622762 0.49035837240871
69.7 202 -1.9385127623837 0.49040895930989
69.8 202 -1.938512762492 0.49045635630946
69.9 202 -1.9385127626008 0.49050048774412
70 202 -1.9385127627098 0.49054128554943
70.1 206 -1.9385127627856 0.49057868785945
70.2 206 -1.9385127628946 0.49061264568723
70.3 206 -1.9385127630033 0.49064311363412
70.4 206 -1.9385127631115 0.49067005658654
70.5 206 -1.9385127632193 0.49069344850968
70.6 206 -1.9385127633265 0.4907132728564
70.7 206 -1.9385127634331 0.49072952300395
70.8 206 -1.938512763539 0.49074220271185
70.9 206 -1.9385127636442 0.49075132659333
71 206 -1.9385127637488 0.49075692059109
71.1 209 -1.9385127638242 0.49075902130263
71.2 209 -1.9385127639276 0.49075768100968
71.3 209 -1.9385127640305 0.49075296125734
71.4 209 -1.9385127641329 0.49074493780342
71.5 209 -1.938512764235 0.49073369982242
71.6 209 -1.9385127643369 0.49071935018687
71.7 209 -1.9385127644386 0.49070200567693
71.8 209 -1.9385127645404 0.49068179710787
71.9 209 -1.9385127646423 0.49065886936534
72 209 -1.9385127647445 0.4906333813395
72.1 213 -1.9385127648291 0.49060550430845
72.2 213 -1.9385127649403 0.49057542709882
72.3 213 -1.9385127650517 0.49054334803741
72.4 213 -1.9385127651638 0.4905094790562
72.5 213 -1.9385127652767 0.49047404403941
72.6 213 -1.9385127653904 0.4904372780132
72.7 213 -1.9385127655051 0.49039942622309
72.8 213 -1.9385127656208 0.49036074309191
72.9 213 -1.9385127657374 0.49032149106101
73 213 -1.9385127658549 0.49028193932123
73.1 216 -1.9385127659476 0.4902423611627
73.2 216 -1.938512766067 0.49020303757865
73.3 216 -1.9385127661871 0.49016424820957
73.4 216 -1.9385127663077 0.49012627468028
73.5 216 -1.9385127664287 0.49008939772465
73.6 216 -1.93851276655 0.49005389549045
73.7 216 -1.9385127666716 0.49002004182596
73.8 216 -1.9385127667932 0.48998810456552
73.9 216 -1.9385127669148 0.4899583438318
74 216 -1.9385127670362 0.48993101037283
74.1 220 -1.938512767132 0.48990634270288
74.2 220 -1.9385127672529 0.48988457057796
74.3 220 -1.9385127673733 0.48986590599227
74.4 220 -1.9385127674932 0.48985054688653
74.5 220 -1.9385127676126 0.48983867464972
74.6 220 -1.9385127677313 0.48983045302521
74.7 220 -1.9385127678493 0.48982602716299
74.8 220 -1.9385127679667 0.489825522829
74.9 220 -1.9385127680833 0.48982904578084
75 220 -1.9385127681993 0.48983668131705
75.1 225 -1.9385127682345 0.48984849247082
75.2 225 -1.9385127682883 0.48986452549595
75.3 225 -1.938512768341 0.48988480243249
75.4 225 -1.9385127683926 0.48990932583499
75.5 225 -1.9385127684431 0.48993807824552
75.6 225 -1.9385127684925 0.48997102281185
75.7 225 -1.9385127685409 0.49000810406741
75.8 225 -1.9385127685882 0.4900492488628
75.9 225 -1.9385127686346 0.49009436743672
76 225 -1.9385127686799 0.49014335461223
76.1 229 -1.9385127687104 0.49019609055504
76.2 229 -1.9385127687538 0.49025244446388
76.3 229 -1.9385127687961 0.49031227245078
76.4 229 -1.9385127688375 0.49037542157564
76.5 229 -1.9385127688778 0.49044173075728
76.6 229 -1.9385127689171 0.4905110323574
76.7 229 -1.9385127689553 0.49058315376152
76.8 229 -1.9385127689923 0.4906579189377
76.9 229 -1.9385127690282 0.49073514995406
77 229 -1.9385127690628 0.49081466843717
77.1 232 -1.9385127690883 0.49089629661104
77.2 232 -1.9385127691203 0.49097985995685
77.3 232 -1.9385127691509 0.49106518634503
77.4 232 -1.9385127691803 0.4911521084622
77.5 232 -1.9385127692084 0.49124046440428
77.6 232 -1.9385127692354 0.49133009846877
77.7 232 -1.9385127692616 0.49142086180005
77.8 232 -1.9385127692871 0.4915126128831
77.9 232 -1.9385127693122 0.4916052178837
78 232 -1.9385127693375 0.49169855083583
78.1 235 -1.9385127694078 0.49179249314136
78.2 235 -1.9385127694342 0.49188693563909
78.3 235 -1.9385127694615 0.49198177506838
78.4 235 -1.9385127694899 0.49207691590339
78.5 235 -1.9385127695196 0.49217226931196
78.6 235 -1.9385127695507 0.49226775255841
78.7 235 -1.9385127695833 0.49236328831522
78.8 235 -1.9385127696173 0.49245880389817
78.9 235 -1.9385127696527 0.49255423044138
79 235 -1.9385127696895 0.49264950202936
79.1 239 -1.938512769719 0.49274455445311
79.2 239 -1.9385127697583 0.49283932572918
79.3 239 -1.9385127697986 0.49293375306189
79.4 239 -1.9385127698399 0.49302777343214
79.5 239 -1.9385127698821 0.49312132242106
79.6 239 -1.9385127699251 0.49321433346245
79.7 239 -1.9385127699686 0.49330673717479
79.8 239 -1.9385127700127 0.49339846078705
79.9 239 -1.9385127700571 0.49348942767121
80 239 -1.9385127701018 0.49357955699266
80.1 243 -1.9385127701349 0.49366876308373
80.2 243 -1.9385127701798 0.49375695697293
80.3 243 -1.9385127702247 0.49384404400704
80.4 243 -1.9385127702694 0.49392992566575
80.5 243 -1.9385127703139 0.49401449949282
80.6 243 -1.9385127703581 0.49409765957408
80.7 243 -1.9385127704018 0.49417929715284
80.8 243 -1.9385127704451 0.49425930137662
80.9 243 -1.9385127704877 0.49433756016688
81 243 -1.9385127705298 0.49441396120163
81.1 250 -1.9385127705614 0.49448839287862
81.2 250 -1.9385127706018 0.49456074597742
81.3 250 -1.9385127706414 0.49463091414458
81.4 250 -1.9385127706799 0.49469879570961
81.5 250 -1.9385127707175 0.49476429488452
81.6 250 -1.9385127707539 0.49482732311753
81.7 250 -1.9385127707892 0.49488780044629
81.8 250 -1.9385127708234 0.49494565683177
81.9 250 -1.9385127708565 0.49500083345335
82 250 -1.9385127708885 0.4950532839462
82.1 255 -1.9385127709155 0.49510297585738
82.2 255 -1.9385127709459 0.49514989055216
82.3 255 -1.9385127709757 0.49519402588168
82.4 255 -1.9385127710052 0.49523539589
82.5 255 -1.9385127710347 0.49527403178075
82.6 255 -1.9385127710646 0.49530998245348
82.7 255 -1.9385127710953 0.49534331487744
82.8 255 -1.938512771127 0.49537411429383
82.9 255 -1.9385127711604 0.49540248424015
83 255 -1.9385127711956 0.49542854639246
83.1 259 -1.9385127712272 0.4954524404554
83.2 259 -1.9385127712672 0.49547432270095
83.3 259 -1.9385127713098 0.49549436667312
83.4 259 -1.9385127713553 0.49551276135753
83.5 259 -1.9385127714036 0.49552971036145
83.6 259 -1.9385127714548 0.49554543069761
83.7 259 -1.9385127715088 0.49556015141621
83.8 259 -1.9385127715655 0.49557411209792
83.9 259 -1.9385127716248 0.49558756122193
84 259 -1.9385127716864 0.49560075442455
84.1 262 -1.9385127717318 0.49561395249648
84.2 262 -1.9385127717977 0.49562742017483
84.3 262 -1.9385127718656 0.49564142308
84.4 262 -1.9385127719352 0.49565622647339
84.5 262 -1.9385127720065 0.49567209303491
84.6 262 -1.9385127720793 0.4956892808407
84.7 262 -1.9385127721536 0.49570804136034
84.8 262 -1.9385127722292 0.49572861749269
84.9 262 -1.9385127723063 0.49575124165839
85 262 -1.9385127723846 0.49577613396656
85.1 265 -1.9385127724384 0.49580349974548
85.2 265 -1.9385127725196 0.49583353084046
85.3 265 -1.9385127726023 0.49586639965547
85.4 265 -1.9385127726866 0.49590226074864
85.5 265 -1.9385127727726 0.4959412488418
85.6 265 -1.9385127728605 0.49598347772986
85.7 265 -1.9385127729504 0.49602903934998
85.8 265 -1.9385127730424 0.49607800301626
85.9 265 -1.9385127731369 0.49613041482385
86 265 -1.9385127732339 0.49618629722466
86.1 269 -1.9385127732998 0.4962456473991
86.2 269 -1.9385127734026 0.49630844274125
86.3 269 -1.9385127735085 0.49637463250304
86.4 269 -1.9385127736179 0.49644414373467
86.5 269 -1.9385127737311 0.4965168802543
86.6 269 -1.9385127738481 0.49659272320727
86.7 269 -1.9385127739693 0.49667153176761
86.8 269 -1.9385127740948 0.49675314397268
86.9 269 -1.9385127742246 0.49683737768103
87 269 -1.938512774359 0.49692403164238
87.1 273 -1.9385127744448 0.49701288472012
87.2 273 -1.9385127745884 0.49710370495245
87.3 273 -1.9385127747366 0.49719623917368
87.4 273 -1.9385127748893 0.49729022223885
87.5 273 -1.9385127750465 0.49738537651797
87.6 273 -1.938512775208 0.49748141339239
87.7 273 -1.9385127753736 0.49757803478028
87.8 273 -1.9385127754733 0.49767493121706
87.9 273 -1.938512775505 0.49777179030484
88 273 -1.938512775537 0.49786829827331
88.1 277 -1.9385127755694 0.49796413586012
88.2 277 -1.9385127756019 0.49805897846551
88.3 277 -1.9385127756346 0.49815250477083
88.4 277 -1.9385127756676 0.4982443934713
88.5 277 -1.9385127757008 0.49833432586586
88.6 277 -1.9385127757343 0.49842198722928
88.7 277 -1.938512775768 0.49850706813423
88.8 277 -1.938512775802 0.49858926571969
88.9 277 -1.9385127758362 0.4986682849032
89 277 -1.9385127758707 0.49874383953437
89.1 281 -1.9385127759275 0.4988156541126
89.2 281 -1.9385127759835 0.49888346180971
89.3 281 -1.9385127760396 0.49894701072192
89.4 281 -1.9385127760958 0.49900606074037
89.5 281 -1.9385127761524 0.49906038553553
89.6 281 -1.9385127762092 0.49910977333933
89.7 281 -1.9385127762662 0.49915402766505
89.8 281 -1.9385127763236 0.49919296796539
89.9 281 -1.9385127763814 0.49922643022913
90 281 -1.9385127764394 0.49925426751657
90.1 284 -1.938512776498 0.49927635173902
90.2 284 -1.9385127765567 0.49929256887713
90.3 284 -1.9385127766158 0.49930282708243
90.4 284 -1.9385127766753 0.49930705183508
90.5 284 -1.9385127767351 0.49930518744485
90.6 284 -1.9385127767953 0.49929719721736
90.7 284 -1.9385127768558 0.49928306355617
90.8 284 -1.9385127769167 0.49926278799995
90.9 284 -1.938512776978 0.49923639119376
91 284 -1.9385127770397 0.49920391279312
91.1 287 -1.9385127770978 0.49916541284848
91.2 287 -1.9385127771552 0.49912096536518
91.3 287 -1.9385127772129 0.49907066731743
91.4 287 -1.9385127772707 0.49901463206388
91.5 287 -1.9385127773288 0.49895299044705
91.6 287 -1.9385127773872 0.49888589027508
91.7 287 -1.9385127775005 0.49881349953209
91.8 287 -1.9385127776672 0.498735998084
91.9 287 -1.9385127778316 0.49865357698118
92 287 -1.9385127779936 0.49856644527117
92.1 290 -1.9385127781028 0.49847482323415
92.2 290 -1.9385127782601 0.49837894979375
92.3 290 -1.9385127784149 0.49827906895956
92.4 290 -1.9385127785673 0.4981754371952
92.5 290 -1.9385127787172 0.49806832020788
92.6 290 -1.9385127788647 0.49795799180682
92.7 290 -1.9385127790098 0.49784473272291
92.8 290 -1.9385127791525 0.49772882939639
92.9 290 -1.9385127792929 0.49761057274007
93 290 -1.9385127794309 0.4974902568856
93.1 294 -1.9385127795298 0.49736817612766
93.2 294 -1.9385127796633 0.49724463084107
93.3 294 -1.9385127797947 0.49711991544752
93.4 294 -1.9385127799239 0.49699432436982
93.5 294 -1.9385127800511 0.49686814902149
93.6 294 -1.9385127801763 0.49674167662901
93.7 294 -1.9385127802996 0.49661518909675
93.8 294 -1.938512780421 0.4964889619224
93.9 294 -1.9385127805406 0.49636326317034
94 294 -1.9385127806586 0.49623835250971
94.1 298 -1.9385127807494 0.49611447896606
94.2 298 -1.9385127808641 0.49599188558448
94.3 298 -1.9385127809773 0.49587080040934
94.4 298 -1.938512781089 0.49575144140507
94.5 298 -1.9385127811994 0.49563401449067
94.6 298 -1.9385127813084 0.49551871306676
94.7 298 -1.9385127814162 0.49540571763212
94.8 298 -1.9385127815226 0.49529519548925
94.9 298 -1.9385127816279 0.49518730053765
95 298 -1.9385127817318 0.49508217315219
95.1 303 -1.9385127818176 0.49497993904035
95.2 303 -1.938512781919 0.49488071370431
95.3 303 -1.938512782019 0.49478459589679
95.4 303 -1.9385127821177 0.49469167224538
95.5 303 -1.9385127822149 0.49460201637456
95.6 303 -1.9385127823106 0.49451568919541
95.7 303 -1.9385127824047 0.49443273924072
95.8 303 -1.9385127824972 0.49435320303778
95.9 303 -1.9385127825883 0.49427710551056
96 303 -1.9385127826779 0.49420446040281
96.1 305 -1.9385127827584 0.49413527069896
96.2 305 -1.9385127828463 0.49406952912861
96.3 305 -1.9385127829341 0.49400721849394
96.4 305 -1.9385127830224 0.4939483121678
96.5 305 -1.938512783112 0.49389277447981
96.6 305 -1.9385127832036 0.49384056109784
96.7 305 -1.9385127832982 0.4937916193835
96.8 305 -1.9385127833961 0.49374588871895
96.9 305 -1.9385127834982 0.49370330080347
97 305 -1.9385127836047 0.49366377991788
97.1 308 -1.9385127837037 0.49362724257968
97.2 308 -1.9385127838243 0.49359360001888
97.3 308 -1.93851278395 0.49356275496672
97.4 308 -1.9385127840805 0.49353460401377
97.5 308 -1.9385127842157 0.49350903716208
97.6 308 -1.9385127843555 0.49348593790457
97.7 308 -1.9385127844997 0.49346518328356
97.8 308 -1.9385127846479 0.49344664393458
97.9 308 -1.9385127847998 0.49343018412198
98 308 -1.9385127849553 0.49341566177338
98.1 313 -1.9385127850779 0.49340292623757
98.2 313 -1.9385127852393 0.49339182746083
98.3 313 -1.9385127854033 0.49338220239646
98.4 313 -1.9385127855693 0.49337388421008
98.5 313 -1.9385127857371 0.49336670015205
98.6 313 -1.9385127859063 0.49336047174475
98.7 313 -1.9385127860765 0.49335501502167
98.8 313 -1.9385127862475 0.49335014082442
98.9 313 -1.9385127864189 0.49334565516336
99 313 -1.9385127865905 0.49334135964666
99.1 317 -1.9385127867702 0.49333704962208
99.2 317 -1.9385127869412 0.49333252414719
99.3 317 -1.9385127871116 0.49332757261618
99.4 317 -1.9385127872812 0.49332198479807
99.5 317 -1.9385127874499 0.49331554932461
99.6 317 -1.9385127876174 0.4933080545696
99.7 317 -1.9385127877837 0.49329928959799
99.8 317 -1.9385127879487 0.49328904518044
99.9 317 -1.9385127881124 0.49327711486705
100 317 -1.9385127882746 0.49326329611321
100.1 321 -1.938512788431 0.4932473896423
100.2 321 -1.9385127885902 0.49322920787524
100.3 321 -1.9385127887478 0.49320856531777
100.4 321 -1.9385127889039 0.49318528702719
100.5 321 -1.9385127890585 0.49315920804272
100.6 321 -1.9385127892114 0.49313017461129
100.7 321 -1.9385127893628 0.49309804538689
100.8 321 -1.9385127895126 0.4930626925899
100.9 321 -1.9385127896608 0.49302400311297
101 321 -1.9385127898075 0.49298187955965
101.1 325 -1.938512789952 0.49293623978361
101.2 325 -1.938512790096 0.49288702343319
101.3 325 -1.9385127902389 0.49283418418427
101.4 325 -1.9385127903808 0.49277769607205
101.5 325 -1.9385127905219 0.49271755258105
101.6 325 -1.9385127906626 0.49265376702285
101.7 325 -1.9385127908032 0.49258637276879
101.8 325 -1.938512790944 0.49251542333132
101.9 325 -1.9385127910854 0.49244099228893
102 325 -1.9385127912279 0.49236317305134
102.1 328 -1.9385127913515 0.49228207664175
102.2 328 -1.9385127914973 0.49219783841535
102.3 328 -1.9385127916454 0.49211060644608
102.4 328 -1.938512791796 0.49202054790981
102.5 328 -1.9385127919496 0.49192784625356
102.6 328 -1.9385127921062 0.49183270003373
102.7 328 -1.9385127922662 0.49173532162222
102.8 328 -1.9385127924294 0.49163593579188
102.9 328 -1.938512792596 0.49153477819338
103 328 -1.9385127927658 0.49143209373796
103.1 331 -1.9385127929065 0.49132813268078
103.2 331 -1.9385127930822 0.49122315774073
103.3 331 -1.9385127932604 0.49111742898146
103.4 331 -1.9385127934409 0.49101121084968
103.5 331 -1.9385127936232 0.49090476811703
103.6 331 -1.938512793807 0.4907983640471
103.7 331 -1.9385127939918 0.49069225859021
103.8 331 -1.9385127941773 0.49058670662448
103.9 331 -1.9385127943629 0.49048195626111
104 331 -1.9385127945484 0.49037824723113
104.1 334 -1.9385127946964 0.49027580681085
104.2 334 -1.9385127948803 0.49017485863519
104.3 334 -1.938512795063 0.49007560613598
104.4 334 -1.938512795244 0.48997824157236
104.5 334 -1.9385127954231 0.48988294251369
104.6 334 -1.9385127956 0.48978987101517
104.7 334 -1.9385127957746 0.48969917296112
104.8 334 -1.9385127959466 0.48961097758068
104.9 334 -1.9385127961158 0.48952539713919
105 334 -1.9385127962821 0.48944252680637
105.1 337 -1.9385127964216 0.48936244297
105.2 337 -1.9385127965823 0.48928521038005
105.3 337 -1.93851279674 0.48921087213262
105.4 337 -1.9385127968948 0.48913945715608
105.5 337 -1.9385127970468 0.48907097917084
