0 46 -2.5592732525706 0.99994592695743
0.1 57 -2.5592732969748 0.99988967910214
0.2 57 -2.559273297021 0.99972109977062
0.3 57 -2.5592732970331 0.99944068060935
0.4 57 -2.5592732970607 0.99904923762244
0.5 57 -2.5592732971213 0.99854790622337
0.6 57 -2.5592732971373 0.99793813424171
0.7 57 -2.5592732971618 0.99722167299257
0.8 57 -2.5592732971989 0.9964005662888
0.9 57 -2.5592732972537 0.99547713781324
1 57 -2.5592732973324 0.99445397689025
1.1 67 -2.5592732974421 0.9933339228241
1.2 67 -2.5592732974936 0.99212004790075
1.3 67 -2.5592732975605 0.99081563897121
1.4 67 -2.5592732975648 0.98942417828552
1.5 67 -2.5592732975691 0.98794932318639
1.6 67 -2.5592732975735 0.98639488534312
1.7 67 -2.5592732975779 0.98476480932562
1.8 67 -2.5592732975823 0.98306315084219
1.9 67 -2.5592732975868 0.98129405477896
2 67 -2.5592732975912 0.9794617332039
2.1 75 -2.559273297596 0.97757044375298
2.2 75 -2.5592732976005 0.97562446714033
2.3 75 -2.559273297605 0.97362808717837
2.4 75 -2.5592732976095 0.97158556936239
2.5 75 -2.559273297614 0.96950114106479
2.6 75 -2.5592732976186 0.96737897233739
2.7 75 -2.5592732976231 0.9652231575922
2.8 75 -2.5592732976276 0.9630376982518
2.9 75 -2.5592732976322 0.96082648644978
3 75 -2.5592732976367 0.9585932898457
3.1 85 -2.5592732976415 0.95634173840094
3.2 85 -2.5592732976461 0.95407530868
3.3 85 -2.5592732976507 0.95179731623076
3.4 85 -2.5592732976552 0.94951090287544
3.5 85 -2.5592732976598 0.94721902825681
3.6 85 -2.5592732976643 0.94492446212098
3.7 85 -2.5592732976689 0.94262977789581
3.8 85 -2.5592732976734 0.94033734755665
3.9 85 -2.559273297678 0.93804933776619
4 85 -2.5592732976825 0.93576770727032
4.1 91 -2.5592732976873 0.93349420681168
4.2 91 -2.5592732976919 0.93123037404787
4.3 91 -2.5592732976964 0.9289775415936
4.4 91 -2.5592732977009 0.92673683469861
4.5 91 -2.5592732977055 0.92450917556241
4.6 91 -2.55927329771 0.92229528764813
4.7 91 -2.5592732977145 0.92009570101301
4.8 91 -2.559273297719 0.91791075860934
4.9 91 -2.5592732977235 0.91574062350609
5 91 -2.559273297728 0.91358528697879
5.1 100 -2.5592732977328 0.91144457913803
5.2 100 -2.5592732977373 0.90931817173505
5.3 100 -2.5592732977418 0.90720559868739
5.4 100 -2.5592732977463 0.90510626034994
5.5 100 -2.5592732977507 0.90301943669532
5.6 100 -2.5592732977552 0.90094429932883
5.7 100 -2.5592732977596 0.89887992391158
5.8 100 -2.5592732977641 0.89682530291515
5.9 100 -2.5592732977685 0.89477935862704
6 100 -2.559273297773 0.89274095632373
6.1 107 -2.5592732977778 0.89070891938236
6.2 107 -2.5592732977822 0.88868203509758
6.3 107 -2.5592732977866 0.88665907899295
6.4 107 -2.5592732977911 0.88463882034293
6.5 107 -2.5592732977955 0.88262003673474
6.6 107 -2.5592732978 0.88060152640614
6.7 107 -2.5592732978045 0.87858212013699
6.8 107 -2.5592732978089 0.87656069261205
6.9 107 -2.5592732978134 0.87453617317555
7 107 -2.559273297818 0.87250755590255
7.1 114 -2.5592732978229 0.8704739102641
7.2 114 -2.5592732978274 0.86843438413214
7.3 114 -2.5592732978319 0.86638821980586
7.4 114 -2.5592732978365 0.8643347550172
7.5 114 -2.559273297841 0.86227343011566
7.6 114 -2.5592732978456 0.86020379280237
7.7 114 -2.5592732978502 0.85812550183467
7.8 114 -2.5592732978548 0.85603832968605
7.9 114 -2.5592732978595 0.85394216415953
8 114 -2.5592732978641 0.85183700896472
8.1 121 -2.559273297869 0.84972298472509
8.2 121 -2.5592732978736 0.84760032165508
8.3 121 -2.5592732978782 0.84546936603523
8.4 121 -2.5592732978828 0.84333057086798
8.5 121 -2.5592732978874 0.84118449309954
8.6 121 -2.5592732978921 0.83903178850346
8.7 121 -2.5592732978967 0.83687320577695
8.8 121 -2.5592732979014 0.83470957991651
8.9 121 -2.559273297906 0.83254182494241
9 121 -2.5592732980051 0.83037092816843
9.1 129 -2.5592732980823 0.82819793496012
9.2 129 -2.5592732981399 0.82602394757262
9.3 129 -2.5592732981814 0.82385011288184
9.4 129 -2.5592732982099 0.82167761336881
9.5 129 -2.5592732982301 0.819507657481
9.6 129 -2.5592732982495 0.81734146998456
9.7 129 -2.5592732982772 0.81518028220536
9.8 129 -2.5592732983179 0.81302532221521
9.9 129 -2.5592732983724 0.81087780526143
10 129 -2.5592732984413 0.80873892447841
10.1 138 -2.5592732985263 0.80660983952095
10.2 138 -2.559273298531 0.80449167585513
10.3 138 -2.5592732985357 0.80238550546857
10.4 138 -2.5592732985404 0.80029234517239
10.5 138 -2.5592732985451 0.79821314763533
10.6 138 -2.5592732985498 0.79614879433016
10.7 138 -2.5592732985545 0.79410008903465
10.8 138 -2.5592732985593 0.79206775192656
10.9 138 -2.5592732985641 0.79005241430686
11 138 -2.5592732985689 0.78805461398171
11.1 146 -2.559273298574 0.78607478772133
11.2 146 -2.5592732985787 0.78411328238467
11.3 146 -2.5592732985835 0.7821703310199
11.4 146 -2.5592732985882 0.78024606531914
11.5 146 -2.559273298593 0.77834051106718
11.6 146 -2.5592732985978 0.77645358791089
11.7 146 -2.5592732986026 0.77458510989202
11.8 146 -2.5592732986075 0.77273478674638
11.9 146 -2.5592732986123 0.77090222596587
12 146 -2.5592732986172 0.76908693561549
12.1 153 -2.5592732986223 0.76728832433123
12.2 153 -2.5592732986271 0.76550572028949
12.3 153 -2.5592732986318 0.76373835356687
12.4 153 -2.5592732986365 0.76198537729218
12.5 153 -2.5592732986412 0.76024586998126
12.6 153 -2.5592732986459 0.75851884246597
12.7 153 -2.5592732986505 0.75680324538658
12.8 153 -2.5592732986552 0.75509797720191
12.9 153 -2.5592732986598 0.75340189266447
13 153 -2.5592732986645 0.75171381170268
13.1 158 -2.5592732986694 0.75003252586221
13.2 158 -2.5592732986739 0.74835681952384
13.3 158 -2.5592732986783 0.74668546120296
13.4 158 -2.5592732986827 0.74501722620048
13.5 158 -2.5592732986871 0.74335090315736
13.6 158 -2.5592732986915 0.74168530392037
13.7 158 -2.5592732986959 0.74001927329799
13.8 158 -2.5592732987003 0.73835169862481
13.9 158 -2.5592732987046 0.73668151905264
14 158 -2.559273298709 0.73500773448798
14.1 166 -2.5592732987137 0.73332941178443
14.2 166 -2.5592732987181 0.73164570204348
14.3 166 -2.5592732987224 0.72995583404282
14.4 166 -2.5592732987268 0.72825913034807
14.5 166 -2.5592732987311 0.72655501105967
14.6 166 -2.5592732987355 0.72484299913281
14.7 166 -2.5592732987398 0.72312272489542
14.8 166 -2.5592732987441 0.72139392972619
14.9 166 -2.5592732987485 0.71965646886286
15 166 -2.5592732987528 0.71791031331965
15.1 175 -2.5592732987576 0.71615554803276
15.2 175 -2.559273298762 0.71439238308951
15.3 175 -2.5592732987663 0.71262113680328
15.4 175 -2.5592732987707 0.71084224438714
15.5 175 -2.5592732987751 0.70905625292001
15.6 175 -2.5592732987795 0.70726381795125
15.7 175 -2.5592732987839 0.70546569930437
