0 39 -2.8534890038001 0.99994075899137
0.1 52 -2.8534890535163 0.99987978097884
0.2 56 -2.8534890535485 0.99969697845533
0.3 58 -2.8534890536148 0.99939274530127
0.4 59 -2.8534890536954 0.99896773599021
0.5 60 -2.8534890537108 0.99842286214995
0.6 61 -2.8534890537347 0.99775928725502
0.7 62 -2.8534890537718 0.99697841929822
0.8 62 -2.8534890538285 0.99608190162225
0.9 63 -2.8534890539129 0.9950716023005
1 63 -2.853489053956 0.99394960236256
1.1 64 -2.8534890540143 0.99271818275755
1.2 66 -2.8534890540203 0.99137981053361
1.3 66 -2.8534890540263 0.98993712385061
1.4 67 -2.8534890540325 0.98839291637006
1.5 68 -2.8534890540388 0.98675012083394
1.6 68 -2.8534890540452 0.98501179233093
1.7 69 -2.8534890540517 0.98318109089945
1.8 71 -2.8534890540582 0.98126126425756
1.9 72 -2.8534890540648 0.97925563014721
2 73 -2.8534890540713 0.97716755896802
2.1 74 -2.853489054078 0.975000456475
2.2 74 -2.8534890540846 0.97275774679766
2.3 76 -2.8534890540913 0.97044285614914
2.4 79 -2.853489054098 0.96805919675201
2.5 81 -2.8534890541048 0.96561015168339
2.6 82 -2.8534890541116 0.9630990601325
2.7 84 -2.8534890541184 0.96052920386147
2.8 85 -2.8534890541253 0.95790379445934
2.9 86 -2.8534890541321 0.95522596153446
3 86 -2.853489054139 0.95249874217294
3.1 88 -2.8534890541458 0.94972507127028
3.2 89 -2.8534890541527 0.9469077729389
3.3 90 -2.8534890541596 0.9440495530858
3.4 91 -2.8534890541665 0.94115299335659
3.5 91 -2.8534890541733 0.9382205458192
3.6 92 -2.8534890541801 0.93525452942645
3.7 93 -2.853489054187 0.93225712677579
3.8 94 -2.8534890541939 0.92923038264264
3.9 95 -2.8534890542007 0.9261762030254
4 97 -2.8534890542076 0.9230963557036
4.1 97 -2.8534890542145 0.91999247136085
4.2 99 -2.8534890542214 0.9168660462419
4.3 100 -2.8534890542283 0.91371844500662
4.4 101 -2.8534890542352 0.91055090486239
4.5 102 -2.8534890542421 0.90736454006118
4.6 103 -2.853489054249 0.90416034766863
4.7 104 -2.8534890542559 0.90093921354142
4.8 104 -2.8534890542628 0.89770191899809
4.9 105 -2.8534890542697 0.89444914795751
5 106 -2.8534890542766 0.89118149450905
5.1 107 -2.8534890542835 0.88789947091619
5.2 108 -2.8534890542904 0.88460351581071
5.3 109 -2.8534890542973 0.8812940027474
5.4 109 -2.8534890543043 0.87797124841979
5.5 109 -2.8534890543112 0.87463552169712
5.6 110 -2.8534890543182 0.871287052068
5.7 111 -2.8534890543252 0.86792603807592
5.8 112 -2.8534890543321 0.86455265588221
5.9 113 -2.8534890543391 0.861167067423
6 114 -2.8534890543461 0.85776942827105
6.1 114 -2.8534890543531 0.85435989514231
6.2 114 -2.8534890543601 0.85093863317434
6.3 115 -2.8534890543671 0.84750582241945
6.4 115 -2.8534890543742 0.84406166424581
6.5 116 -2.8534890543813 0.8406063870573
6.6 116 -2.8534890543884 0.83714025106202
6.7 117 -2.8534890543955 0.833663552887
6.8 117 -2.8534890544027 0.83017662957206
6.9 117 -2.8534890544098 0.82667986157862
7 118 -2.853489054417 0.82317367539525
7.1 118 -2.8534890544241 0.81965854518658
7.2 119 -2.8534890544313 0.81613499405428
7.3 120 -2.8534890544385 0.81260359432336
7.4 122 -2.8534890544456 0.8090649675571
7.5 123 -2.8534890544527 0.80551978371117
7.6 123 -2.8534890544599 0.80196875930967
7.7 125 -2.8534890544671 0.79841265548131
7.8 126 -2.8534890544743 0.79485227539335
7.9 127 -2.8534890544814 0.7912884610622
8 128 -2.8534890544886 0.78772208975429
8.1 128 -2.8534890544958 0.78415406991655
8.2 129 -2.853489054503 0.78058533680481
8.3 129 -2.8534890545101 0.77701684763683
8.4 130 -2.8534890545173 0.77344957662579
8.5 131 -2.8534890545245 0.76988450970086
8.6 131 -2.8534890545316 0.76632263911166
8.7 132 -2.8534890545388 0.76276495800587
8.8 133 -2.8534890545459 0.75921245485604
8.9 134 -2.853489054553 0.75566610795795
9 135 -2.8534890545601 0.75212688007671
9.1 136 -2.8534890545673 0.74859571308039
9.2 136 -2.8534890545744 0.74507352292776
9.3 137 -2.8534890545815 0.74156119470772
9.4 137 -2.8534890545887 0.73805957800148
9.5 138 -2.8534890545958 0.73456948261655
9.6 139 -2.8534890546029 0.73109167461123
9.7 139 -2.85348905461 0.72762687258004
9.8 140 -2.8534890546171 0.72417574456244
9.9 141 -2.8534890546242 0.72073890526118
10 142 -2.8534890546313 0.71731691369638
10.1 143 -2.8534890546384 0.71391027150179
10.2 144 -2.8534890546455 0.71051942107653
10.3 145 -2.8534890546525 0.70714474513159
10.4 146 -2.8534890546595 0.70378656614133
10.5 147 -2.8534890546665 0.70044514640944
10.6 149 -2.8534890546735 0.6971206886287
10.7 150 -2.8534890546805 0.69381333684957
10.8 150 -2.8534890546876 0.69052317803638
10.9 151 -2.8534890546946 0.68725024401694
11 152 -2.8534890547015 0.68399451378957
11.1 152 -2.8534890547085 0.68075591644075
11.2 153 -2.8534890547155 0.67753433433219
11.3 154 -2.8534890547225 0.67432960659174
11.4 155 -2.8534890547294 0.6711415329602
11.5 155 -2.8534890547364 0.66796987795099
11.6 155 -2.8534890547434 0.66481437536793
11.7 156 -2.8534890547504 0.6616747329331
11.8 156 -2.8534890547574 0.65855063702203
11.9 157 -2.8534890547643 0.6554417576794
12 159 -2.8534890547713 0.65234775361348
12.1 160 -2.8534890547783 0.64926827776097
12.2 160 -2.8534890547853 0.64620298194004
12.3 161 -2.8534890547923 0.64315152226813
12.4 162 -2.8534890547993 0.64011356418344
12.5 162 -2.8534890548062 0.63708878738969
12.6 163 -2.8534890548132 0.63407689061103
12.7 164 -2.8534890548202 0.63107759617925
12.8 165 -2.8534890548272 0.62809065429974
12.9 165 -2.8534890548342 0.62511584721974
13 167 -2.8534890548412 0.62215299279193
13.1 168 -2.8534890548482 0.61920194783328
13.2 169 -2.8534890548551 0.61626261105373
13.3 170 -2.853489054862 0.61333492554815
13.4 172 -2.8534890548689 0.61041888082538
13.5 172 -2.8534890548758 0.60751451442416
13.6 172 -2.8534890548827 0.60462191304784
13.7 173 -2.8534890548896 0.60174121304775
13.8 174 -2.8534890548965 0.59887260071701
13.9 174 -2.8534890549034 0.59601631174607
14 175 -2.8534890549102 0.59317263040945
14.1 176 -2.853489054917 0.59034188822137
14.2 177 -2.8534890549238 0.58752446210293
14.3 178 -2.8534890549307 0.5847207718525
14.4 179 -2.8534890549375 0.58193127814096
14.5 180 -2.8534890549443 0.57915647881856
14.6 181 -2.853489054951 0.57639690567222
14.7 181 -2.8534890549578 0.57365312050613
14.8 182 -2.8534890549645 0.57092571159328
14.9 184 -2.8534890549712 0.56821528903174
15 185 -2.853489054978 0.56552248015322
15.1 186 -2.8534890549847 0.56284792513165
15.2 186 -2.8534890549915 0.56019227216037
15.3 187 -2.8534890549982 0.55755617258838
15.4 188 -2.8534890550049 0.55494027621767
15.5 188 -2.8534890550116 0.55234522642822
15.6 189 -2.8534890550183 0.54977165537182
15.7 190 -2.8534890550249 0.5472201793664
15.8 191 -2.8534890550316 0.54469139435223
15.9 192 -2.8534890550382 0.54218587167247
16 193 -2.8534890550449 0.53970415346259
16.1 194 -2.8534890550516 0.53724674906634
16.2 194 -2.8534890550583 0.53481413122275
16.3 194 -2.853489055065 0.5324067324891
16.4 195 -2.8534890550718 0.53002494228733
16.5 196 -2.8534890550786 0.52766910381318
16.6 199 -2.8534890550853 0.52533951195279
16.7 200 -2.8534890550921 0.52303641099228
16.8 202 -2.8534890550989 0.52075999249383
16.9 203 -2.8534890551058 0.51851039418497
17 203 -2.8534890551126 0.51628769863928
17.1 204 -2.8534890551195 0.51409193261489
17.2 205 -2.8534890551263 0.5119230666708
17.3 205 -2.8534890551332 0.5097810152296
17.4 207 -2.85348905514 0.50766563680217
17.5 208 -2.8534890551469 0.5055767348838
17.6 209 -2.8534890551538 0.50351405900528
17.7 209 -2.8534890551606 0.50147730618618
17.8 210 -2.8534890551675 0.49946612264849
17.9 210 -2.8534890551743 0.49748010639205
18 211 -2.8534890551812 0.49551880933923
18.1 212 -2.8534890551881 0.49358174028712
18.2 212 -2.8534890551949 0.49166836809367
18.3 213 -2.8534890552018 0.48977812508124
18.4 214 -2.8534890552087 0.48791041095569
18.5 215 -2.8534890552155 0.48606459669081
18.6 215 -2.8534890552224 0.48424002882185
18.7 216 -2.8534890552292 0.48243603392735
18.8 217 -2.8534890552361 0.48065192326915
18.9 218 -2.8534890552429 0.47888699771921
19 218 -2.8534890552497 0.47714055265725
19.1 219 -2.8534890552565 0.47541188301049
19.2 219 -2.8534890552633 0.4737002883911
19.3 220 -2.8534890552701 0.47200507819516
19.4 221 -2.853489055277 0.47032557669376
19.5 222 -2.8534890552838 0.46866112803501
19.6 223 -2.8534890552906 0.46701110115373
19.7 224 -2.8534890552973 0.46537489450421
19.8 225 -2.8534890553041 0.46375194024628
19.9 225 -2.8534890553109 0.4621417090918
20 226 -2.8534890553177 0.46054371379955
20.1 226 -2.8534890553245 0.45895751295083
20.2 227 -2.8534890553313 0.45738271402301
20.3 228 -2.853489055338 0.45581897632236
20.4 229 -2.8534890553447 0.45426601339161
20.5 230 -2.8534890553515 0.45272359461707
20.6 231 -2.8534890553582 0.45119154688194
20.7 232 -2.8534890553649 0.44966975537337
20.8 233 -2.8534890553716 0.44815816392809
20.9 233 -2.8534890553783 0.44665677495147
21 234 -2.853489055385 0.44516564873333
21.1 235 -2.8534890553916 0.4436849022058
21.2 235 -2.8534890553983 0.44221470735013
21.3 236 -2.8534890554049 0.44075528891646
21.4 237 -2.8534890554116 0.43930692228725
21.5 238 -2.8534890554182 0.43786993007063
21.6 239 -2.8534890554248 0.43644467886877
21.7 240 -2.8534890554315 0.43503157607168
21.8 241 -2.8534890554381 0.43363106538968
21.9 242 -2.8534890554447 0.43224362289475
22 243 -2.8534890554513 0.43086975264178
22.1 244 -2.8534890554579 0.42950998213443
22.2 245 -2.8534890554646 0.42816485769279
22.3 246 -2.8534890554712 0.42683493988503
22.4 247 -2.8534890555599 0.42552080366537
22.5 248 -2.8534890556367 0.42422301920291
22.6 249 -2.8534890557028 0.42294216226666
22.7 250 -2.8534890557597 0.42167880461442
22.8 251 -2.853489055809 0.42043351033119
22.9 251 -2.8534890558523 0.41920683143344
23 252 -2.8534890558911 0.41799930392482
23.1 253 -2.8534890559269 0.41681144458606
23.2 254 -2.8534890559608 0.41564374769382
23.3 255 -2.8534890559939 0.41449668176852
23.4 256 -2.8534890560267 0.41337068702989
23.5 257 -2.8534890560597 0.41226617321429
23.6 257 -2.8534890560931 0.41118351634573
23.7 259 -2.8534890561269 0.41012305782971
23.8 259 -2.8534890561612 0.4090851024374
23.9 260 -2.8534890561959 0.40806991688404
24 261 -2.853489056231 0.40707772857833
24.1 262 -2.8534890562667 0.40610872471162
24.2 263 -2.8534890563034 0.40516305155379
24.3 264 -2.8534890563418 0.40424081358749
24.4 265 -2.8534890563826 0.40334207425031
24.5 266 -2.8534890564268 0.40246685517261
24.6 268 -2.8534890564756 0.40161513527017
24.7 269 -2.8534890565298 0.40078685230378
24.8 270 -2.8534890565906 0.39998190262391
24.9 272 -2.8534890566586 0.39920014196344
25 273 -2.8534890567346 0.39844138554039
25.1 275 -2.8534890568189 0.39770540934898
25.2 276 -2.8534890569119 0.39699195080599
25.3 278 -2.8534890569187 0.39630071439064
25.4 279 -2.8534890569254 0.39563136032808
25.5 280 -2.8534890569322 0.39498351806376
25.6 281 -2.8534890569388 0.3943567839435
25.7 282 -2.8534890569456 0.39375072293051
25.8 283 -2.8534890569523 0.39316487051117
25.9 283 -2.8534890569589 0.39259873409547
26 284 -2.8534890569656 0.39205179710518
26.1 285 -2.8534890569724 0.39152351953948
26.2 286 -2.8534890569791 0.3910133413231
26.3 287 -2.8534890569858 0.39052068416932
26.4 288 -2.8534890569926 0.39004495520221
26.5 289 -2.8534890569993 0.38958554962377
26.6 290 -2.853489057006 0.38914185373242
26.7 292 -2.8534890570127 0.38871324801712
26.8 293 -2.8534890570194 0.38829911036171
26.9 294 -2.8534890570261 0.38789881925431
27 295 -2.8534890570328 0.38751175706038
27.1 297 -2.8534890570395 0.38713731313449
27.2 298 -2.8534890570462 0.38677488713213
27.3 299 -2.8534890570529 0.38642389213736
27.4 300 -2.8534890570595 0.38608375827017
27.5 302 -2.8534890570661 0.38575393348735
27.6 302 -2.8534890570728 0.38543388825236
27.7 303 -2.8534890570795 0.38512311769512
27.8 304 -2.8534890571798 0.38482114294505
27.9 306 -2.8534890572715 0.38452751486849
28 306 -2.8534890573554 0.38424181447023
28.1 308 -2.8534890574326 0.3839636548271
28.2 308 -2.8534890575042 0.38369268223734
28.3 309 -2.8534890575716 0.38342857718132
28.4 311 -2.8534890576362 0.38317105442305
28.5 312 -2.8534890576993 0.38291986427221
28.6 313 -2.8534890577619 0.38267479220961
28.7 314 -2.8534890578243 0.38243565821991
28.8 315 -2.8534890578867 0.38220231550426
28.9 316 -2.8534890579485 0.38197465048342
29 317 -2.8534890580087 0.38175258121364
29.1 318 -2.8534890580662 0.38153605591428
29.2 320 -2.8534890581201 0.38132505125012
29.3 321 -2.8534890581701 0.38111957048328
29.4 322 -2.8534890582175 0.38091964111181
29.5 324 -2.8534890582646 0.38072531369345
29.6 325 -2.8534890583152 0.38053665816234
29.7 327 -2.8534890583734 0.38035376238044
29.8 328 -2.8534890584428 0.3801767296521
29.9 329 -2.8534890584495 0.38000567604157
30 330 -2.8534890584562 0.3798407280258
30.1 331 -2.8534890584629 0.3796820202447
30.2 333 -2.8534890584696 0.37952969307563
30.3 335 -2.8534890584763 0.37938389028867
30.4 336 -2.8534890584829 0.37924475707034
30.5 338 -2.8534890584896 0.37911243797158
30.6 340 -2.8534890584964 0.37898707498418
30.7 341 -2.8534890585031 0.37886880601226
30.8 342 -2.8534890585098 0.37875776307906
30.9 343 -2.8534890585524 0.37865407431564
31 345 -2.853489058592 0.37855785282248
31.1 346 -2.853489058629 0.37846920566519
31.2 347 -2.8534890586639 0.37838822961228
31.3 349 -2.853489058697 0.37831501045562
31.4 350 -2.8534890587285 0.37824962245431
31.5 351 -2.8534890587588 0.37819212799705
31.6 352 -2.8534890587881 0.37814257738808
31.7 354 -2.8534890588165 0.37810100875466
31.8 356 -2.8534890588441 0.37806744854354
31.9 357 -2.8534890588712 0.37804191063149
32 358 -2.8534890588978 0.37802439781214
32.1 359 -2.8534890589238 0.3780149016259
32.2 360 -2.8534890589493 0.37801340334679
32.3 361 -2.8534890590654 0.37801988063271
32.4 362 -2.8534890591632 0.37803428814073
32.5 363 -2.8534890592465 0.37805657997415
32.6 364 -2.8534890593206 0.37808670184527
32.7 365 -2.8534890593919 0.37812459329898
32.8 367 -2.8534890594676 0.37817018769663
32.9 368 -2.8534890595556 0.37822341339577
33 369 -2.8534890596635 0.37828419466408
33.1 371 -2.8534890596836 0.37835244815809
33.2 372 -2.8534890597029 0.37842809682218
33.3 375 -2.8534890597215 0.37851105778516
33.4 376 -2.8534890597392 0.37860124761149
33.5 377 -2.8534890597561 0.37869858300095
33.6 378 -2.8534890597722 0.37880298152383
33.7 379 -2.8534890597876 0.37891436232455
33.8 380 -2.8534890598024 0.37903264676875
33.9 381 -2.8534890598166 0.37915775896223
34 383 -2.8534890598303 0.3792896261318
34.1 384 -2.8534890598437 0.37942817914703
34.2 384 -2.853489059857 0.37957335282877
34.3 386 -2.8534890598703 0.37972508620751
34.4 388 -2.8534890598839 0.3798833227049
34.5 389 -2.853489059898 0.38004801026
34.6 389 -2.8534890599128 0.38021910156702
34.7 391 -2.8534890599286 0.3803965533281
34.8 392 -2.8534890599456 0.38058032726492
34.9 392 -2.8534890599643 0.38077038930747
35 393 -2.8534890599848 0.3809667096927
35.1 395 -2.8534890600074 0.38116926210479
35.2 396 -2.8534890600325 0.38137802459262
35.3 398 -2.8534890600604 0.38159297835774
35.4 399 -2.8534890600912 0.38181410781328
35.5 400 -2.8534890601253 0.38204140013827
35.6 401 -2.8534890601627 0.38227484509396
35.7 403 -2.8534890602039 0.38251443469657
35.8 404 -2.8534890602105 0.38276016670257
35.9 405 -2.853489060217 0.38301203313214
36 406 -2.8534890602237 0.38327003100679
36.1 407 -2.8534890602302 0.38353415852626
36.2 408 -2.8534890602368 0.38380441472581
36.3 409 -2.8534890602434 0.38408079935267
36.4 410 -2.8534890602499 0.38436331260999
36.5 411 -2.8534890602565 0.38465195463457
36.6 412 -2.8534890603458 0.38494673009679
36.7 414 -2.8534890604221 0.38524763444402
36.8 415 -2.8534890604881 0.38555466759428
36.9 417 -2.8534890605458 0.38586782873547
37 418 -2.8534890605972 0.38618711610925
37.1 419 -2.8534890606437 0.38651252659809
37.2 421 -2.8534890606863 0.38684405532267
37.3 422 -2.8534890607259 0.3871816951959
37.4 423 -2.8534890607632 0.38752543638705
37.5 425 -2.8534890607987 0.38787526565314
37.6 426 -2.8534890608328 0.3882311658442
37.7 427 -2.853489060866 0.3885931149309
37.8 429 -2.8534890608987 0.38896108522932
37.9 430 -2.8534890609315 0.3893350424988
38 431 -2.8534890609649 0.38971494495246
38.1 432 -2.8534890609995 0.39010074221813
38.2 433 -2.853489061036 0.39049237431584
38.3 435 -2.8534890610747 0.39088977057067
38.4 437 -2.8534890611159 0.39129284855586
38.5 438 -2.8534890611596 0.39170151298518
38.6 440 -2.8534890612057 0.39211565485421
38.7 441 -2.8534890612537 0.39253515027245
38.8 443 -2.8534890613031 0.39295985959856
38.9 444 -2.8534890613533 0.3933896266651
39 445 -2.8534890614036 0.39382427814382
39.1 448 -2.8534890614534 0.39426362290582
39.2 449 -2.8534890615018 0.39470745194827
39.3 450 -2.8534890615484 0.39515553818784
39.4 451 -2.8534890615927 0.39560763634384
39.5 452 -2.8534890616344 0.39606348352834
39.6 453 -2.8534890616735 0.39652279973156
39.7 454 -2.8534890617104 0.39698528864417
39.8 455 -2.8534890617455 0.39745063874323
39.9 456 -2.8534890617799 0.3979185246259
40 457 -2.8534890618146 0.39838860846674
40.1 458 -2.853489061851 0.39886054222641
40.2 460 -2.8534890618901 0.39933396930486
40.3 461 -2.8534890619331 0.39980852690019
40.4 462 -2.8534890619808 0.40028384841044
40.5 464 -2.8534890620337 0.40075956597546
40.6 465 -2.8534890620923 0.40123531311792
40.7 466 -2.8534890621567 0.40171072745531
40.8 468 -2.8534890622265 0.40218545345081
40.9 470 -2.8534890623015 0.40265914514555
41 471 -2.853489062381 0.40313146876615
41.1 473 -2.8534890623875 0.4036021089017
41.2 474 -2.8534890623941 0.40407076041291
41.3 476 -2.8534890624006 0.4045371411482
41.4 478 -2.8534890624071 0.40500099054575
41.5 480 -2.8534890624136 0.40546207140748
41.6 481 -2.8534890624201 0.40592017152658
41.7 482 -2.8534890624266 0.40637510492929
41.8 483 -2.8534890624331 0.40682671285811
41.9 485 -2.8534890624396 0.40727486444026
42 486 -2.8534890624461 0.40771945705495
42.1 487 -2.8534890625237 0.40816041371444
42.2 488 -2.8534890625978 0.4085976908417
42.3 490 -2.8534890626679 0.40903126951925
42.4 493 -2.8534890627338 0.4094611577174
42.5 494 -2.8534890627951 0.40988738791256
42.6 495 -2.8534890628516 0.41031001678125
42.7 497 -2.8534890629029 0.41072912309929
42.8 498 -2.8534890629489 0.41114480584396
42.9 499 -2.8534890629895 0.41155718217787
43 501 -2.8534890630248 0.41196638524721
43.1 502 -2.8534890630552 0.41237256196729
43.2 503 -2.8534890630814 0.41277587067205
43.3 505 -2.8534890631046 0.41317647900162
43.4 505 -2.8534890631264 0.41357456143257
43.5 507 -2.8534890631487 0.41397029711974
43.6 509 -2.8534890631734 0.41436386775678
43.7 510 -2.8534890632025 0.41475545554169
43.8 511 -2.8534890632376 0.415145241228
43.9 511 -2.8534890632799 0.41553340250296
44 511 -2.8534890633303 0.41592011226057
44.1 511 -2.853489063389 0.41630553713621
44.2 511 -2.853489063456 0.41668983661099
44.3 511 -2.8534890634626 0.41707315989626
44.4 511 -2.8534890634693 0.41745565012786
44.5 512 -2.8534890634758 0.41783743921648
44.6 512 -2.8534890634824 0.41821864879269
44.7 512 -2.853489063489 0.41859938978387
44.8 512 -2.8534890634956 0.418979762683
44.9 512 -2.8534890635021 0.4193598571505
45 512 -2.8534890635088 0.41973975228995
45.1 512 -2.8534890635154 0.42011951684827
45.2 512 -2.8534890636063 0.42049921554908
45.3 512 -2.8534890636917 0.42087889166691
45.4 512 -2.8534890637701 0.4212585850465
45.5 512 -2.8534890638406 0.42163832685145
45.6 512 -2.8534890639023 0.42201814013467
45.7 512 -2.8534890639549 0.42239804027443
45.8 512 -2.8534890639985 0.422778035645
45.9 512 -2.8534890640337 0.423158128131
46 512 -2.8534890640613 0.42353831367111
46.1 512 -2.8534890640826 0.42391858278265
46.2 512 -2.8534890640988 0.42429892107006
46.3 512 -2.8534890641114 0.4246793097124
46.4 512 -2.853489064122 0.42505972593041
46.5 512 -2.853489064132 0.42544014343991
46.6 512 -2.8534890641427 0.42582053288825
46.7 512 -2.8534890641553 0.42620086228204
46.8 512 -2.853489064171 0.42658109739646
46.9 512 -2.8534890641905 0.42696120218519
47 512 -2.8534890642147 0.42734113918522
47.1 512 -2.8534890642758 0.42772086731448
47.2 512 -2.8534890643406 0.42810035009238
47.3 512 -2.8534890644096 0.42847954807437
47.4 512 -2.8534890644827 0.42885842204306
47.5 512 -2.8534890645599 0.4292369335223
47.6 512 -2.8534890646413 0.42961504476731
47.7 512 -2.8534890647264 0.4299927191371
47.8 512 -2.8534890648149 0.43036992198877
47.9 512 -2.8534890649064 0.43074662042638
48 512 -2.8534890650002 0.43112278376972
48.1 512 -2.853489065096 0.43149838379386
48.2 512 -2.853489065193 0.43187339507676
48.3 512 -2.8534890652908 0.43224779469326
48.4 512 -2.8534890653888 0.43262156273968
48.5 512 -2.8534890654866 0.4329946822022
48.6 512 -2.8534890655836 0.43336713890031
48.7 512 -2.8534890656796 0.4337389213556
48.8 512 -2.8534890657741 0.43411002059089
48.9 512 -2.8534890658669 0.43448042985131
49 512 -2.8534890659577 0.4348501442514
49.1 512 -2.8534890660463 0.43521916035869
49.2 512 -2.8534890660982 0.43558747785512
49.3 512 -2.8534890661451 0.43595509276347
49.4 512 -2.8534890661869 0.43632200288571
49.5 512 -2.8534890662239 0.43668820529457
49.6 512 -2.8534890662565 0.43705369567275
49.7 512 -2.8534890662853 0.43741846768025
49.8 512 -2.853489066311 0.43778251264751
49.9 512 -2.8534890663346 0.43814581804588
50 512 -2.853489066357 0.43850836782924
50.1 512 -2.8534890663789 0.43887014163134
50.2 512 -2.853489066401 0.43923111431452
50.3 512 -2.8534890664236 0.43959125554622
50.4 512 -2.8534890664471 0.43995052945917
50.5 512 -2.8534890664718 0.44030889444989
50.6 512 -2.8534890664989 0.44066630307654
50.7 512 -2.8534890665297 0.4410227023317
50.8 512 -2.8534890665652 0.44137803363297
50.9 512 -2.8534890666066 0.44173223323014
51 512 -2.8534890666545 0.44208523280502
51.1 512 -2.8534890667091 0.44243695899835
51.2 512 -2.8534890667703 0.44278733492252
51.3 512 -2.8534890668377 0.44313628048959
51.4 512 -2.8534890669104 0.44348371288732
51.5 512 -2.8534890669879 0.44382954761736
51.6 512 -2.853489067069 0.44417369918728
51.7 512 -2.8534890671528 0.44451608192001
51.8 512 -2.8534890672387 0.44485661079158
51.9 512 -2.8534890673258 0.44519520203617
52 512 -2.8534890674136 0.44553177440541
52.1 512 -2.853489067502 0.44586624969689
52.2 512 -2.8534890675908 0.44619855324823
52.3 512 -2.8534890676805 0.44652861467075
52.4 512 -2.8534890677717 0.44685636839679
52.5 512 -2.853489067865 0.44718175409768
52.6 512 -2.8534890679615 0.44750471703138
52.7 512 -2.8534890679685 0.44782521200671
52.8 512 -2.8534890679756 0.44814319259034
52.9 512 -2.8534890679825 0.44845862172488
53 512 -2.8534890679895 0.44877146838828
53.1 512 -2.8534890679965 0.44908170699736
53.2 512 -2.8534890680035 0.44938931758228
53.3 512 -2.8534890680105 0.44969428530124
53.4 512 -2.8534890680175 0.44999660005768
53.5 512 -2.8534890680245 0.45029625595451
53.6 512 -2.8534890680314 0.45059325086616
53.7 512 -2.8534890680384 0.45088758586818
53.8 512 -2.8534890680453 0.4511792646838
53.9 512 -2.8534890680522 0.45146829290751
54 512 -2.8534890680591 0.45175467812306
54.1 512 -2.853489068066 0.45203842872963
54.2 512 -2.8534890680729 0.45231955363983
54.3 512 -2.8534890680798 0.45259806195987
54.4 512 -2.8534890680867 0.45287396250133
54.5 512 -2.8534890680936 0.45314726350279
54.6 512 -2.8534890681005 0.45341797238802
54.7 512 -2.8534890681074 0.45368609535535
54.8 512 -2.8534890681143 0.45395163806777
54.9 512 -2.8534890681212 0.4542146047287
55 512 -2.8534890681281 0.45447499842194
55.1 512 -2.853489068135 0.45473282163199
55.2 512 -2.8534890681419 0.4549880759896
55.3 512 -2.8534890681488 0.45524076268048
55.4 512 -2.8534890681556 0.45549088276214
55.5 512 -2.8534890681625 0.45573843751703
55.6 512 -2.8534890681694 0.45598342883877
55.7 512 -2.8534890681763 0.4562258594729
55.8 512 -2.8534890681832 0.45646573397648
55.9 512 -2.8534890681901 0.45670305880186
56 512 -2.853489068197 0.45693784268746
56.1 512 -2.853489068204 0.4571700973642
56.2 512 -2.8534890682109 0.45739983741753
56.3 512 -2.8534890682179 0.45762708116652
56.4 512 -2.8534890682248 0.45785185088781
56.5 512 -2.8534890682317 0.45807417313672
56.6 512 -2.8534890682387 0.4582940789253
56.7 512 -2.8534890682456 0.4585116037493
56.8 512 -2.8534890682525 0.45872678789241
56.9 512 -2.8534890682594 0.45893967647353
57 512 -2.8534890682663 0.45915031974535
57.1 512 -2.8534890682732 0.45935877168044
57.2 512 -2.8534890682802 0.45956509107748
57.3 512 -2.8534890682871 0.45976934082952
57.4 512 -2.8534890682941 0.4599715875544
57.5 512 -2.853489068301 0.46017190107463
57.6 512 -2.853489068308 0.46037035404067
57.7 512 -2.8534890683149 0.46056702113547
57.8 512 -2.8534890683218 0.46076197844738
57.9 512 -2.8534890683287 0.46095530249722
58 512 -2.8534890683357 0.46114706969571
58.1 512 -2.8534890683426 0.46133735517562
58.2 512 -2.8534890683495 0.46152623178181
58.3 512 -2.8534890683565 0.4617137691118
58.4 512 -2.8534890683634 0.46190003239175
58.5 512 -2.8534890683703 0.46208508134922
58.6 512 -2.8534890683772 0.46226896908873
58.7 512 -2.8534890683841 0.46245174094287
58.8 512 -2.8534890683911 0.46263343334699
58.9 512 -2.853489068398 0.4628140727437
59 512 -2.8534890684049 0.4629936745107
59.1 512 -2.8534890684118 0.46317224205761
59.2 512 -2.8534890684188 0.46334976601298
59.3 512 -2.8534890684257 0.46352622288938
59.4 512 -2.8534890684326 0.46370157521602
59.5 512 -2.8534890684396 0.46387577054251
59.6 512 -2.8534890684465 0.46404874119391
59.7 512 -2.8534890684534 0.4642204042189
59.8 512 -2.8534890684603 0.46439066100459
59.9 512 -2.8534890684672 0.46455939786955
60 512 -2.8534890684741 0.46472648648233
60.1 512 -2.853489068481 0.46489178411738
60.2 512 -2.8534890684879 0.46505513495979
60.3 512 -2.8534890684948 0.46521637101951
60.4 512 -2.8534890685016 0.46537531346838
60.5 512 -2.8534890685085 0.46553177415585
60.6 512 -2.8534890685153 0.4656855573346
60.7 512 -2.8534890685221 0.46583646155583
60.8 512 -2.8534890685288 0.46598428171525
60.9 512 -2.8534890685356 0.46612881122748
61 512 -2.8534890685424 0.46626984432155
61.1 512 -2.8534890685492 0.46640717838663
61.2 512 -2.8534890685559 0.46654061636526
61.3 512 -2.8534890685627 0.46666996916783
61.4 512 -2.8534890685694 0.46679505800967
61.5 512 -2.8534890685761 0.46691571677826
61.6 512 -2.8534890685829 0.4670317942454
61.7 512 -2.8534890686678 0.46714315503461
61.8 512 -2.8534890687491 0.46724968465481
61.9 512 -2.8534890688266 0.46735128835353
62 512 -2.8534890689358 0.46744789609655
62.1 512 -2.8534890690382 0.46753945571366
62.2 512 -2.8534890691342 0.46762594183704
62.3 512 -2.8534890692244 0.46770735380399
62.4 512 -2.8534890693095 0.46778371593878
62.5 512 -2.8534890693904 0.46785507750257
62.6 512 -2.853489069468 0.46792151217385
62.7 512 -2.8534890695435 0.46798311783256
62.8 512 -2.8534890695797 0.46804001193279
62.9 512 -2.8534890696124 0.46809233971678
63 512 -2.8534890696424 0.46814026352805
63.1 512 -2.8534890696699 0.46818396390015
63.2 512 -2.8534890696956 0.46822363765467
63.3 512 -2.8534890697199 0.46825949564562
63.4 512 -2.853489069743 0.46829176046625
63.5 512 -2.8534890697652 0.46832066390921
63.6 512 -2.8534890697866 0.46834644450089
63.7 512 -2.8534890698072 0.46836934496635
63.8 512 -2.853489069827 0.46838960973152
63.9 512 -2.8534890698459 0.4684074825367
64 512 -2.8534890698635 0.46842320411283
64.1 512 -2.8534890698797 0.46843701005768
64.2 512 -2.8534890698944 0.4684491288677
64.3 512 -2.853489069908 0.4684597801424
64.4 512 -2.8534890699216 0.46846917295233
64.5 512 -2.8534890699362 0.46847750443011
64.6 512 -2.8534890699531 0.46848495862777
64.7 512 -2.8534890699734 0.46849170565492
64.8 512 -2.853489069998 0.4684979010887
64.9 512 -2.8534890700273 0.46850368566907
65 512 -2.8534890700619 0.46850918517521
65.1 512 -2.8534890701018 0.46851451075165
65.2 512 -2.8534890701786 0.46851975659352
65.3 512 -2.8534890702599 0.4685250084623
65.4 512 -2.8534890703457 0.46853033655666
65.5 512 -2.8534890704353 0.46853579906013
65.6 512 -2.8534890705283 0.46854144316781
65.7 512 -2.8534890706239 0.46854730620115
65.8 512 -2.8534890707214 0.46855341678273
65.9 512 -2.8534890708204 0.46855979603588
66 512 -2.8534890709592 0.4685664636072
66.1 512 -2.8534890710888 0.468573424377
66.2 512 -2.8534890712171 0.46858068389859
66.3 512 -2.8534890713401 0.46858824488656
66.4 512 -2.8534890714604 0.46859610791538
66.5 512 -2.8534890715737 0.46860427258288
66.6 512 -2.8534890716494 0.46861274037398
66.7 512 -2.8534890717173 0.46862150822812
66.8 512 -2.8534890717775 0.46863057622908
66.9 512 -2.8534890718305 0.4686399455801
67 512 -2.8534890718772 0.46864961897174
67.1 512 -2.8534890719185 0.46865960071441
67.2 512 -2.8534890719559 0.46866989680632
67.3 512 -2.8534890719905 0.46868051477762
67.4 512 -2.8534890720512 0.46869146171409
67.5 512 -2.8534890721119 0.46870275048283
67.6 512 -2.8534890721736 0.46871439310619
67.7 512 -2.8534890722373 0.46872640274891
67.8 512 -2.8534890723057 0.46873879352633
67.9 512 -2.8534890723475 0.468751582359
68 512 -2.8534890723926 0.46876478279502
68.1 512 -2.8534890724412 0.46877841093504
68.2 512 -2.8534890724932 0.46879248335871
68.3 512 -2.8534890725483 0.46880701711836
68.4 512 -2.8534890726263 0.46882202780351
68.5 512 -2.8534890727067 0.46883753560113
68.6 512 -2.853489072789 0.46885355949304
68.7 512 -2.853489072872 0.46887011950092
68.8 512 -2.8534890729558 0.46888723681591
68.9 512 -2.8534890730399 0.46890493419764
69 512 -2.8534890731236 0.46892323623693
69.1 512 -2.8534890732067 0.46894216966471
69.2 512 -2.8534890732888 0.46896176365606
69.3 512 -2.8534890733697 0.46898205011939
69.4 512 -2.8534890734485 0.46900306394853
69.5 512 -2.853489073526 0.46902484327356
69.6 512 -2.8534890736022 0.46904742957933
69.7 512 -2.8534890736771 0.4690708678138
69.8 512 -2.8534890737503 0.4690952063971
69.9 512 -2.8534890738235 0.46912049715234
70 512 -2.8534890738956 0.46914679512018
70.1 512 -2.8534890739667 0.46917415830209
70.2 512 -2.8534890740365 0.46920264730783
70.3 512 -2.8534890741047 0.46923232490476
70.4 512 -2.8534890741712 0.46926325549352
70.5 512 -2.8534890742343 0.46929550450342
70.6 512 -2.8534890742955 0.46932913772193
70.7 512 -2.8534890743548 0.4693642205718
70.8 512 -2.8534890744126 0.46940081737468
70.9 512 -2.8534890744698 0.46943899055565
71 512 -2.8534890745272 0.46947879986979
71.1 512 -2.8534890745847 0.46952030181895
71.2 512 -2.8534890746466 0.46956354830766
71.3 512 -2.8534890747138 0.46960858650993
71.4 512 -2.8534890747878 0.46965545803592
71.5 512 -2.8534890748706 0.46970419833061
71.6 512 -2.8534890749642 0.4697548361666
71.7 512 -2.8534890750704 0.4698073932107
71.8 512 -2.8534890751908 0.46986188369553
71.9 512 -2.8534890753268 0.46991831419884
72 512 -2.8534890753848 0.46997667878557
72.1 512 -2.8534890754425 0.47003697264546
72.2 512 -2.8534890755002 0.47009917927767
72.3 512 -2.8534890755577 0.47016327476857
72.4 512 -2.853489075615 0.47022922812282
72.5 512 -2.8534890756731 0.47029700165382
72.6 512 -2.8534890757309 0.47036655151327
72.7 512 -2.8534890757902 0.47043782817234
72.8 512 -2.8534890758422 0.47051077707661
72.9 512 -2.8534890759019 0.47058533931154
73 512 -2.8534890759612 0.47066145217042
73.1 512 -2.8534890760256 0.47073904992691
73.2 512 -2.8534890760929 0.47081806447367
73.3 512 -2.8534890761603 0.47089842591874
73.4 512 -2.8534890762272 0.4709800634019
73.5 512 -2.8534890762594 0.47106290687742
73.6 512 -2.8534890762909 0.47114688376882
73.7 512 -2.8534890763217 0.47123192336571
73.8 512 -2.8534890763516 0.4713179559464
73.9 512 -2.8534890763809 0.47140491311358
74 512 -2.8534890764093 0.47149272807666
74.1 512 -2.8534890764371 0.4715813358075
74.2 512 -2.8534890764643 0.47167067314396
74.3 512 -2.8534890764908 0.47176067880593
74.4 512 -2.8534890765167 0.47185129333517
74.5 512 -2.853489076542 0.47194245896728
74.6 512 -2.8534890765668 0.47203411943041
74.7 512 -2.8534890765912 0.47212621967826
74.8 512 -2.8534890766151 0.47221870556386
74.9 512 -2.8534890766386 0.47231152345418
75 512 -2.8534890766617 0.47240461982325
75.1 512 -2.8534890766845 0.47249794077538
75.2 512 -2.853489076707 0.47259143156622
75.3 512 -2.8534890767292 0.47268503610461
75.4 512 -2.8534890767513 0.47277869642995
75.5 512 -2.8534890767731 0.47287235220333
75.6 512 -2.8534890767947 0.47296594017558
75.7 512 -2.8534890768162 0.47305939375999
75.8 512 -2.8534890768375 0.47315264250596
75.9 512 -2.8534890768588 0.47324561168315
76 512 -2.8534890768799 0.4733382218884
76.1 512 -2.853489076901 0.47343038869977
76.2 512 -2.853489076922 0.47352202238871
76.3 512 -2.853489076943 0.47361302768919
76.4 512 -2.8534890769639 0.4737033036365
76.5 512 -2.8534890769847 0.47379274349472
76.6 512 -2.8534890770055 0.47388123473381
76.7 512 -2.8534890770263 0.47396865916807
76.8 512 -2.853489077047 0.47405489297614
76.9 512 -2.8534890770677 0.47413980709391
77 512 -2.8534890770882 0.47422326756139
77.1 512 -2.8534890771087 0.47430513593802
77.2 512 -2.8534890771291 0.47438526986758
77.3 512 -2.8534890771494 0.47446352372813
77.4 512 -2.8534890771696 0.47453974937779
77.5 512 -2.8534890771896 0.47461379699512
77.6 512 -2.8534890772095 0.47468551600462
77.7 512 -2.8534890772293 0.4747547560709
77.8 512 -2.853489077249 0.47482136823846
77.9 512 -2.8534890772687 0.47488520602831
78 512 -2.8534890772882 0.47494612667585
78.1 512 -2.8534890773078 0.475003992345
78.2 512 -2.8534890773276 0.47505867144401
78.3 512 -2.8534890773475 0.47511003990514
78.4 512 -2.8534890773678 0.47515798247505
78.5 512 -2.8534890773885 0.47520239397385
78.6 512 -2.8534890774099 0.47524318052791
78.7 512 -2.8534890774321 0.47528026070889
78.8 512 -2.8534890774554 0.47531356663501
78.9 512 -2.8534890774798 0.47534304492869
79 512 -2.8534890775059 0.47536865754922
79.1 512 -2.8534890775335 0.47539038257261
79.2 512 -2.8534890775631 0.47540821468149
79.3 512 -2.8534890775946 0.47542216557731
79.4 512 -2.8534890776284 0.47543226418594
79.5 512 -2.8534890776646 0.47543855667596
79.6 512 -2.8534890777031 0.47544110628543
79.7 512 -2.8534890777759 0.47543999152345
79.8 512 -2.8534890778501 0.47543530985993
79.9 512 -2.8534890778869 0.47542716899292
80 512 -2.8534890779148 0.47541569837526
80.1 512 -2.8534890779418 0.47540103703851
80.2 512 -2.8534890779677 0.47538333597844
80.3 512 -2.8534890779927 0.4753627566837
80.4 512 -2.8534890780168 0.47533946954283
80.5 512 -2.8534890780399 0.47531365215118
80.6 512 -2.8534890780622 0.47528548754259
80.7 512 -2.8534890780837 0.47525516237011
80.8 512 -2.8534890781043 0.47522286506687
80.9 512 -2.8534890781244 0.47518878400314
81 512 -2.8534890781438 0.47515310571304
81.1 512 -2.8534890781653 0.47511601311546
81.2 512 -2.8534890782677 0.47507768477555
81.3 512 -2.8534890783534 0.47503829057558
81.4 512 -2.8534890784252 0.47499799334117
81.5 512 -2.8534890784835 0.47495694640693
81.6 512 -2.8534890785299 0.47491529261332
81.7 512 -2.8534890785747 0.4748731634464
81.8 512 -2.8534890786088 0.47483067822526
81.9 512 -2.8534890786383 0.47478794379373
82 512 -2.8534890786651 0.47474505422708
82.1 512 -2.8534890786897 0.47470209087336
82.2 512 -2.8534890787151 0.47465912210374
82.3 512 -2.8534890787448 0.47461620383329
82.4 512 -2.8534890787819 0.47457338034545
82.5 512 -2.8534890788286 0.47453068482457
82.6 512 -2.8534890788822 0.47448814028356
82.7 512 -2.8534890789454 0.47444576043869
82.8 512 -2.8534890790204 0.47440355097192
82.9 512 -2.8534890791076 0.47436151066727
83 512 -2.8534890792059 0.47431963267491
83.1 512 -2.8534890792619 0.47427790559148
83.2 512 -2.8534890793162 0.47423631528646
83.3 512 -2.8534890793687 0.47419484617578
83.4 512 -2.8534890794194 0.47415348244093
83.5 512 -2.853489079469 0.47411220934382
83.6 512 -2.8534890795168 0.47407101439378
83.7 512 -2.8534890795628 0.47402988858656
83.8 512 -2.8534890796115 0.47398882743984
83.9 512 -2.8534890796585 0.47394783204223
84 512 -2.8534890797039 0.47390690985476
84.1 512 -2.8534890797474 0.47386607551639
84.2 512 -2.8534890797892 0.47382535142504
84.3 512 -2.8534890798296 0.47378476830579
84.4 512 -2.8534890798687 0.47374436558483
84.5 512 -2.8534890799049 0.47370419166211
84.6 512 -2.8534890799395 0.47366430406492
84.7 512 -2.8534890799731 0.47362476946095
84.8 512 -2.8534890800061 0.47358566360101
84.9 512 -2.8534890800385 0.47354707112958
85 512 -2.8534890800707 0.47350908529382
85.1 512 -2.8534890801015 0.47347180757381
85.2 512 -2.8534890801346 0.47343534716016
85.3 512 -2.8534890801682 0.47339982039863
85.4 512 -2.8534890802025 0.47336535014153
85.5 512 -2.8534890802344 0.47333206499756
85.6 512 -2.8534890802764 0.47330009854789
85.7 512 -2.8534890803196 0.47326958821768
85.8 512 -2.8534890803647 0.47324067452936
85.9 512 -2.8534890804114 0.47321349988797
86 512 -2.8534890804597 0.47318820747615
86.1 512 -2.8534890805093 0.47316494000133
86.2 512 -2.8534890805604 0.47314383838552
86.3 512 -2.8534890806125 0.47312504035519
86.4 512 -2.8534890806655 0.47310867908183
86.5 512 -2.8534890807237 0.47309488159583
86.6 512 -2.8534890807826 0.47308376724548
86.7 512 -2.8534890808391 0.47307544604071
86.8 512 -2.8534890808962 0.47307001714908
86.9 512 -2.8534890809539 0.47306756710188
87 512 -2.8534890810137 0.47306816818293
87.1 512 -2.8534890810745 0.4730718767624
87.2 512 -2.8534890811322 0.47307873192705
87.3 512 -2.8534890811916 0.47308875325064
87.4 512 -2.8534890812536 0.47310194005418
87.5 512 -2.8534890813178 0.47311826963805
87.6 512 -2.8534890813857 0.47313769608746
87.7 512 -2.8534890814576 0.47316014961657
87.8 512 -2.8534890814819 0.47318552781765
87.9 512 -2.8534890814999 0.47321371740016
88 512 -2.8534890815177 0.47324457154189
88.1 512 -2.8534890815352 0.47327791706964
88.2 512 -2.8534890815526 0.47331355459557
88.3 512 -2.8534890815698 0.47335125890704
88.4 512 -2.8534890816456 0.47339078183432
88.5 512 -2.8534890817071 0.47343184642372
88.6 512 -2.8534890817563 0.47347415536926
88.7 512 -2.8534890817958 0.47351739029148
88.8 512 -2.8534890818267 0.47356121350765
88.9 512 -2.8534890818515 0.47360527026961
89 512 -2.8534890818713 0.47364919123116
89.1 512 -2.8534890818896 0.4736925951673
89.2 512 -2.8534890819082 0.47373509188762
89.3 512 -2.8534890819271 0.47377628522263
89.4 512 -2.853489081948 0.47381577607589
89.5 512 -2.8534890819714 0.4738531658939
89.6 512 -2.8534890819979 0.47388806024966
89.7 512 -2.8534890820279 0.47392007228701
89.8 512 -2.8534890820608 0.47394882612244
89.9 512 -2.8534890820969 0.47397395984592
90 512 -2.8534890821364 0.47399512899168
90.1 512 -2.8534890821789 0.47401200932112
90.2 512 -2.8534890822238 0.47402429962278
90.3 512 -2.8534890822704 0.47403172422549
90.4 512 -2.8534890823179 0.47403403523015
90.5 512 -2.8534890823658 0.47403101443194
90.6 512 -2.8534890824136 0.47402247490338
90.7 512 -2.8534890824604 0.47400826221144
90.8 512 -2.8534890825056 0.47398825527406
90.9 512 -2.8534890825484 0.47396236681889
91 512 -2.8534890825884 0.47393054346363
91.1 512 -2.8534890826251 0.47389276542734
91.2 512 -2.8534890826584 0.47384904584833
91.3 512 -2.8534890826883 0.47379942979334
91.4 512 -2.8534890827159 0.47374399294613
91.5 512 -2.8534890827416 0.47368283996027
91.6 512 -2.8534890827672 0.47361610261451
91.7 512 -2.8534890827944 0.47354393769116
91.8 512 -2.8534890828258 0.47346652469805
91.9 512 -2.8534890828683 0.47338406340984
92 512 -2.8534890829215 0.47329677137387
92.1 512 -2.853489082987 0.47320488127607
92.2 512 -2.8534890830052 0.47310863686309
92.3 512 -2.8534890830236 0.47300829409617
92.4 512 -2.8534890830423 0.4729041151581
92.5 512 -2.8534890830611 0.47279636699511
92.6 512 -2.853489083079 0.47268531893003
92.7 512 -2.8534890830972 0.47257124045762
92.8 512 -2.8534890831156 0.47245439915003
92.9 512 -2.8534890831343 0.47233505879663
93 512 -2.8534890831531 0.47221347774821
93.1 512 -2.8534890831732 0.47208990744085
93.2 512 -2.853489083197 0.47196459117521
93.3 512 -2.8534890832227 0.47183776307288
93.4 512 -2.853489083247 0.47170964723775
93.5 512 -2.8534890832715 0.47158045730867
93.6 512 -2.8534890832968 0.47145039592613
93.7 512 -2.8534890833227 0.47131965454842
93.8 512 -2.8534890833495 0.47118841339948
93.9 512 -2.8534890833771 0.47105684155802
94 512 -2.8534890834055 0.47092509721599
94.1 512 -2.8534890834362 0.47079332798113
94.2 512 -2.8534890834678 0.47066167128085
94.3 512 -2.8534890835014 0.47053025495353
94.4 512 -2.8534890835364 0.47039919784146
94.5 512 -2.8534890835712 0.47026861034193
94.6 512 -2.8534890836451 0.47013859996062
94.7 512 -2.8534890837177 0.47000925719033
94.8 512 -2.8534890837892 0.46988067088411
94.9 512 -2.8534890838595 0.46975292392324
95 512 -2.8534890839311 0.4696260938386
95.1 512 -2.8534890840018 0.46950025315751
95.2 512 -2.85348908407 0.46937547001675
95.3 512 -2.8534890841371 0.46925180863004
95.4 512 -2.8534890842034 0.46912932956447
95.5 512 -2.8534890842675 0.46900809010459
95.6 512 -2.8534890843315 0.4688881445248
95.7 512 -2.8534890843955 0.46876954434591
95.8 512 -2.8534890844593 0.46865233839895
95.9 512 -2.8534890845229 0.46853657308408
96 512 -2.8534890845808 0.46842229240642
96.1 512 -2.8534890846386 0.46830953811193
96.2 512 -2.8534890846964 0.4681983496564
96.3 512 -2.853489084754 0.46808876425173
96.4 512 -2.8534890848116 0.46798081686514
96.5 512 -2.8534890848693 0.46787454022636
96.6 512 -2.853489084927 0.46776996480522
96.7 512 -2.8534890849907 0.46766711878036
96.8 512 -2.8534890850547 0.46756602808755
96.9 512 -2.8534890851189 0.4674667163578
97 512 -2.8534890851485 0.4673692037578
97.1 512 -2.8534890851782 0.46727351050357
97.2 512 -2.8534890852078 0.46717965344762
97.3 512 -2.8534890852374 0.46708764723299
97.4 512 -2.8534890852669 0.46699750442036
97.5 512 -2.8534890852963 0.46690923556923
97.6 512 -2.8534890853516 0.46682285052404
97.7 512 -2.8534890854069 0.46673835467989
97.8 512 -2.8534890854621 0.46665575305142
97.9 512 -2.8534890855202 0.46657504913504
98 512 -2.853489085578 0.46649624501148
98.1 512 -2.8534890856356 0.4664193416037
98.2 512 -2.8534890856929 0.46634433885297
98.3 512 -2.8534890857498 0.46627123596627
98.4 512 -2.8534890858064 0.466200031628
98.5 512 -2.8534890858625 0.46613072425458
98.6 512 -2.8534890859197 0.46606331224996
98.7 512 -2.8534890859728 0.46599779424077
98.8 512 -2.8534890860255 0.46593416941145
98.9 512 -2.8534890860775 0.46587243769748
99 512 -2.8534890861324 0.46581260005659
99.1 512 -2.8534890862882 0.46575466221661
99.2 512 -2.8534890863943 0.46569862260494
99.3 512 -2.8534890864826 0.46564448836609
99.4 512 -2.8534890865557 0.46559226719867
99.5 512 -2.8534890866474 0.46554197050791
99.6 512 -2.8534890867301 0.46549360903999
99.7 512 -2.8534890868086 0.46544719750172
99.8 512 -2.8534890868851 0.46540275318222
99.9 512 -2.8534890869635 0.4653602959248
100 512 -2.8534890870474 0.46531984813241
