    0
    0
    0
    0
    0
    5.328458368742e-19
    1.5515381260101e-18
    2.207444429128e-18
    3.1041938266845e-18
    3.2613062439102e-18
    2.1122642420959e-17
    4.3369914205482e-17
    8.5862109024031e-17
    1.3526348099875e-16
    2.6543568833512e-16
    2.6961465987844e-16
    2.9992368657185e-16
    5.0731590211745e-16
    6.3419362249408e-16
    7.9264881735944e-16
    4.4369051022464e-15
    2.6829469080798e-15
    1.1069785135173e-14
    2.173010642904e-14
    1.6125162965149e-14
    2.4421735495164e-14
    1.8270911118744e-14
    3.1215176666203e-14
    2.2846213344723e-14
    8.6214305030569e-15
    2.4513988034236e-14
    1.4907800047721e-14
    1.4736464694134e-14
    1.6071129426038e-14
    1.9416317935873e-14
    2.1527391085858e-14
    2.3960304867693e-14
    2.6648665018335e-14
    2.4733953690547e-14
    2.7449064799564e-14
    3.6159602430108e-14
    4.2036534290769e-14
    4.7349026634829e-14
    5.3306200339238e-14
    8.7753389835682e-14
    9.7155420755147e-14
    1.0700541751348e-13
    1.1743213033208e-13
    1.2840220623865e-13
    1.3988089070124e-13
    1.5210020849295e-13
    1.6454666339472e-13
    1.7855822537306e-13
    1.9205468911062e-13
    2.0707159143985e-13
    2.2271817612243e-13
    2.3843884141128e-13
    2.5476506231834e-13
    2.7220126224077e-13
    2.7234652182021e-13
    2.847527894687e-13
    3.0623756371345e-13
    3.280914166265e-13
    3.4963373815724e-13
    3.704806794852e-13
    3.3757319428886e-13
    3.5142444929465e-13
    3.6436016174895e-13
    3.8183127213299e-13
    4.0074790046259e-13
    3.7016625605157e-13
    3.7918356074637e-13
    3.8827999994952e-13
    3.4613074475623e-13
    3.9032839260695e-13
    4.011044240466e-13
    4.1995747807748e-13
    4.3305583729045e-13
    4.4777221183895e-13
    4.6388614858427e-13
    4.8117657379421e-13
    5.0024120128851e-13
    5.2102180544193e-13
    5.2687281483925e-13
    5.4844278356781e-13
    5.4351640285589e-13
    5.676318253306e-13
    5.9325139825066e-13
    6.2130313629704e-13
    6.5189440720205e-13
    6.8519856785319e-13
    7.2138172057632e-13
    7.6059740678265e-13
    7.7906111839406e-13
    2.7229182223288e-13
    2.6521319574095e-13
    2.6079090494263e-13
    2.5994045891137e-13
    2.6309657511385e-13
    2.7027894299447e-13
    2.81192193827e-13
    2.9528446985011e-13
    3.1186778093106e-13
    3.3014801611398e-13
    3.4928101509783e-13
    3.684459995541e-13
    3.8685753437745e-13
    4.0387961195242e-13
    4.2015188553176e-13
    4.3354220321379e-13
    4.4492407004187e-13
    4.556319705024e-13
    4.6502703684458e-13
    4.7438183911731e-13
    4.8447900316765e-13
    4.9585557283621e-13
    5.0953581289892e-13
    5.2578569637532e-13
    5.4488237054308e-13
    5.2417878002149e-13
    5.4046149680547e-13
    5.581915504118e-13
    5.7718126310277e-13
    5.9740078338888e-13
    6.1904109854861e-13
    6.4255560353195e-13
    6.6851783019242e-13
    6.9803485296512e-13
    7.3073395996127e-13
    7.676093477644e-13
    8.083194533218e-13
    8.5210940328306e-13
    8.8866469986533e-13
    9.3325796723945e-13
    9.781013275094e-13
    1.018089470927e-12
    1.0552170044435e-12
    1.0846212765464e-12
    1.1074357430183e-12
    1.1232674993636e-12
    1.3867866211202e-12
    1.364765975767e-12
    1.3346861613067e-12
    1.2988527670811e-12
    1.2589506660852e-12
    1.2176581632142e-12
    1.1781622491788e-12
    1.1440077761736e-12
    1.0411345362512e-12
    1.0333548410489e-12
    1.0306586277046e-12
    1.0331815859366e-12
    1.0378527047962e-12
    1.0477242951663e-12
    1.1566610230681e-12
    1.1912131960316e-12
    1.2203905296294e-12
    1.2416708660841e-12
    5.9563332987362e-13
    5.6185429981554e-13
    5.3944345111646e-13
    5.2724428112012e-13
    5.2395307047104e-13
    6.154412257313e-13
    6.3052555387224e-13
    5.5328150031717e-13
    5.7217693317933e-13
    6.1072646950334e-13
    6.3278198810619e-13
    6.5606113691308e-13
    6.8043743183944e-13
    7.0621939963408e-13
    7.3418162781617e-13
    7.6560572160854e-13
    8.0194974616275e-13
    8.4378233629976e-13
    8.8813330396917e-13
    9.2333594888156e-13
    9.5187530199855e-13
    9.6823849780899e-13
    9.732226152393e-13
    9.6649259609926e-13
    9.4684991262404e-13
    9.1330344374991e-13
    8.6593459166134e-13
    8.063996459672e-13
    7.380488589198e-13
    6.6577906739337e-13
    5.9492332849084e-13
    5.3112557558997e-13
    5.0417534585774e-13
    4.9825352807529e-13
    4.9091993457823e-13
    4.8239279239462e-13
    4.7287058976992e-13
    4.633390903075e-13
    4.5229557033435e-13
    4.4412691406314e-13
    4.51563131368e-13
    4.5320149275752e-13
    4.5206916883528e-13
    4.5439559788131e-13
    4.5551112999512e-13
    4.5585820160072e-13
    4.5546564594322e-13
    4.5503368766543e-13
    4.5511017947109e-13
    4.5623233738114e-13
    4.9108213749621e-13
    5.2952440404985e-13
    5.6965502755257e-13
    6.1071792068822e-13
    6.4960843801773e-13
    6.898288998605e-13
    7.2625562381338e-13
    7.6344030147579e-13
    7.9784208028179e-13
    8.2881718943766e-13
    8.5578160710563e-13
    8.7815334709187e-13
    8.954148325022e-13
    9.0712170515042e-13
    1.0097566481997e-12
    1.1431097406952e-12
    1.2948914554075e-12
    1.4607250774736e-12
    1.6385011836708e-12
    1.8245177232982e-12
    2.0989522256402e-12
    2.3170534735603e-12
    2.5276934831169e-12
    2.7267999758648e-12
    2.9129161428888e-12
    3.0844677659686e-12
    3.3316624719941e-12
    3.4676410039541e-12
    3.5825922674556e-12
    3.6741925068827e-12
    3.7404218594953e-12
    3.7799552906156e-12
    3.7924298127221e-12
    3.7787347728898e-12
    3.7412299599307e-12
    3.6829550821741e-12
    3.6092936247478e-12
    3.5192426580615e-12
    3.4367167252253e-12
    3.3637365902101e-12
    3.3074560377451e-12
    3.2807436614104e-12
    3.2870708658849e-12
    3.3229602803665e-12
    3.4012891946835e-12
    3.5071865354975e-12
    3.632714697311e-12
    3.7691500664336e-12
    3.9086095906601e-12
    4.0450192788726e-12
    4.1746668689284e-12
    4.3087660243959e-12
    4.4247442706377e-12
    4.5552428442331e-12
    4.5735901084267e-12
    4.589144842863e-12
    4.6016905113215e-12
    4.610692332536e-12
    4.6153356617485e-12
    4.614564974557e-12
    4.6072147817022e-12
    4.5922391399484e-12
    5.4349169619724e-12
    5.502403375035e-12
    5.5548231371636e-12
    2.5362684671705e-12
    2.6049697388355e-12
    2.6823475380164e-12
    2.7726932285279e-12
    2.8646394973929e-12
    2.9506416342169e-12
    3.0230219117571e-12
    3.0749323084693e-12
    3.101150051226e-12
    3.1000237097112e-12
    3.2604178989815e-12
    3.205738870435e-12
    3.1196097204601e-12
    3.0113833332668e-12
    2.887998964533e-12
    2.7554048470779e-12
    2.6196499525349e-12
    2.485267193573e-12
    2.3384108587403e-12
    2.2129546218141e-12
    2.0968997555801e-12
    1.9866147533897e-12
    1.8863338726084e-12
    1.800971260568e-12
    1.8397072524034e-12
    1.9701562633134e-12
    2.1160501033991e-12
    2.2771873150229e-12
    2.4617267817221e-12
    2.6494109381851e-12
    2.8464719163122e-12
    3.0493473328655e-12
    3.2204954502053e-12
    3.4229761143468e-12
    3.6207684734104e-12
    3.8105911206144e-12
    3.9891248416583e-12
    4.1529367443235e-12
    4.298544212911e-12
    4.4226208054085e-12
    4.5223345099561e-12
    4.5957171579529e-12
    4.6420329273942e-12
    4.6546719517712e-12
    3.8516626990714e-12
    3.9952817112835e-12
    4.1294872810416e-12
    4.2391301797766e-12
    4.3555604621085e-12
    4.4613463907097e-12
    4.900301693469e-12
    2.4129919464151e-12
    2.4036747090242e-12
    2.3959193043451e-12
    2.3910296745365e-12
    2.3896670288836e-12
    2.3920207680201e-12
    2.3980774429471e-12
    2.4078626248981e-12
    2.3326218181853e-12
    2.3542070732103e-12
    2.3779800945059e-12
    2.4045352096375e-12
    2.4723527662235e-12
    2.5028854371659e-12
    2.5378238681566e-12
    2.5755130120871e-12
    2.6155674941879e-12
    2.6573331764652e-12
    2.7004832920481e-12
    2.7450373217425e-12
    2.8536556959669e-12
    2.907565550503e-12
    2.9798999388259e-12
    3.0384933833833e-12
    3.0946676735542e-12
    3.1494669905957e-12
    5.1382435485878e-12
    5.2405992889316e-12
    5.2925934684045e-12
    5.3195337901497e-12
    5.3452198944254e-12
    5.3646486949813e-12
    5.3812049963088e-12
    5.3985186232363e-12
    5.4203342854021e-12
    5.4504448959955e-12
    5.3655466213211e-12
    5.4177447654896e-12
    5.4888402249372e-12
    5.582563676857e-12
    5.7175111414022e-12
    5.9059231625433e-12
    6.0891800370074e-12
    6.3005296606102e-12
    6.5366079632748e-12
    6.791399204529e-12
    7.0561693045222e-12
    7.3198029334738e-12
    7.5696314047481e-12
    7.7927624452408e-12
    4.5983523711329e-12
    4.6692456082299e-12
    4.7378322110926e-12
    4.9009136422471e-12
    4.9600174226247e-12
    5.0123812210067e-12
    5.0569026860946e-12
    5.0928587425862e-12
    5.1200573350772e-12
    5.1392534054908e-12
    5.1514936504833e-12
    5.1584983491034e-12
    5.1620635852482e-12
    5.1639486655727e-12
    5.1655931267359e-12
    8.3901243874636e-12
    8.878887709978e-12
    9.1562994970428e-12
    9.4272241491624e-12
    9.7978640235073e-12
    1.0134295569741e-11
    1.0473154056779e-11
    1.0808126715377e-11
    1.1135676858206e-11
    1.1455175923386e-11
    1.1770200962106e-11
    1.2081566587313e-11
    1.2395016351013e-11
    1.2714916757027e-11
    1.3044559017382e-11
    1.3385359305055e-11
    1.3736265076012e-11
    1.4053636799515e-11
    1.4413884776931e-11
    1.4830530127823e-11
    1.5151685915912e-11
    1.5439855030747e-11
    1.5684490489616e-11
    1.5873112463133e-11
    1.6038031423312e-11
    1.6136731919725e-11
    1.6182927660508e-11
    1.6178200592969e-11
    1.6125502832316e-11
    1.6029170150201e-11
    1.5895175291298e-11
    1.5731438081024e-11
    1.5548030837507e-11
    1.5357132715513e-11
    1.5171916411675e-11
    1.5008829458031e-11
    1.4882258248236e-11
    1.480620890365e-11
    1.4792212653301e-11
    1.4847835538853e-11
    1.4975311289641e-11
    1.5170647888719e-11
    1.5425441969171e-11
    1.5720993810337e-11
    1.6040641295341e-11
    1.6365241932565e-11
    1.6677786019989e-11
    1.6966384837844e-11
    1.7416126106579e-11
    1.7660359302303e-11
    1.7887689222364e-11
    1.3329016346312e-11
    1.3680197914061e-11
    1.4086173285859e-11
    1.4466308061068e-11
    1.4877454333485e-11
    1.4971649312975e-11
    1.546803245249e-11
    1.6020418728098e-11
    1.6632843173897e-11
    1.7314093079369e-11
    1.8060530393808e-11
    1.1869998581242e-11
    1.2259839405547e-11
    1.2691284258591e-11
    1.3161354721219e-11
    1.3624077742468e-11
    1.4158945315989e-11
    1.4722776663283e-11
    1.5313230619734e-11
    1.5928591763154e-11
    1.6567560414155e-11
    1.7229022254915e-11
    1.7910121997852e-11
    1.860707235839e-11
    1.9154314436143e-11
    1.9873455590857e-11
    2.0572438377848e-11
    2.1230868615876e-11
    2.1826058745256e-11
    2.2334697089188e-11
    2.2734832103276e-11
    2.3007996177159e-11
    2.331178218229e-11
    3.2952822379665e-11
    3.2428923343392e-11
    3.137243370964e-11
    3.0098009017084e-11
    2.8651603690638e-11
    2.7084849043886e-11
    2.5451889328148e-11
    2.3804839242448e-11
    2.219049217986e-11
    2.0647165156605e-11
    1.9202523990656e-11
    1.787251542793e-11
    1.666224569181e-11
    1.5567647904127e-11
    1.4578630695903e-11
    1.3682809220027e-11
    1.2869186750712e-11
    1.2120095966243e-11
    1.1580655724218e-11
    1.0900260837616e-11
    1.035638346078e-11
    9.9140160663698e-12
    9.6063323765354e-12
    9.4223247937751e-12
    9.6206999648703e-12
    9.6739794482488e-12
    9.670699482381e-12
    9.8617226465798e-12
    1.0083657978752e-11
    1.0309117804614e-11
    1.051382166453e-11
    1.0678374210453e-11
    1.0789056463164e-11
    1.0790455541076e-11
    1.1311931282303e-11
    1.1836598905916e-11
    1.1626808741403e-11
    1.1863757159524e-11
    1.2255998010804e-11
    1.2976123088177e-11
    1.3282524236088e-11
    1.3540458082767e-11
    1.3742628830496e-11
    1.3881065615438e-11
    1.3947019718718e-11
    1.3931168779967e-11
    1.3825232728054e-11
    1.3623410471587e-11
    1.4065541015785e-11
    1.4904210988037e-11
    1.5826419196459e-11
    1.6824353651034e-11
    1.7885822335698e-11
    1.8994326094135e-11
    2.0129376000193e-11
    2.1280192562894e-11
    2.2393949496883e-11
    2.3454876142135e-11
    2.4433578187928e-11
    2.5301237624784e-11
    2.603933733991e-11
    2.6608651554964e-11
    2.7000858195954e-11
    2.7206456263694e-11
    2.7224444224842e-11
    2.74572433613e-11
    2.7028511322524e-11
    2.6460133034596e-11
    2.5779289422764e-11
    2.5016348511314e-11
    2.4202031666994e-11
    2.3365256689939e-11
    2.2531446854538e-11
    2.1527580805191e-11
    2.0867944101791e-11
    2.0152767684934e-11
    1.931475735889e-11
    1.8729111761199e-11
    1.8207070545878e-11
    1.7744497320482e-11
    1.7335560494267e-11
    1.6974973849757e-11
    1.9218758659647e-11
    1.8047032892241e-11
    1.7733101702932e-11
    1.7448785389089e-11
    1.7197769872027e-11
    1.8236176308918e-11
    1.8123841799734e-11
    1.9831627122354e-11
    1.9792525084348e-11
    1.9651146447642e-11
    1.9930658080785e-11
    1.9936373042236e-11
    1.9955041890345e-11
    2.029142163636e-11
    1.7962220610512e-11
    1.8442111352427e-11
    1.872176783087e-11
    1.922270162988e-11
    1.995351470558e-11
    2.0498122368692e-11
    2.1041608742518e-11
    2.1586561943794e-11
    2.243177561945e-11
    2.5792121928196e-11
    2.6255869945419e-11
    2.406027565907e-11
    2.4406473592179e-11
    2.4665388601055e-11
    2.4829173049986e-11
    2.4895518976439e-11
    2.4867596393988e-11
    2.4753188691113e-11
    2.456338742919e-11
    2.4311249943388e-11
    2.4005845939314e-11
    2.3676805743308e-11
    2.3268611547858e-11
    2.3088200294351e-11
    2.1667383191103e-11
    2.115216813684e-11
    2.0647048091344e-11
    1.9741742668253e-11
    1.9303028952108e-11
    1.8900020554505e-11
    1.8546474752321e-11
    2.1689888324356e-11
    2.1695643495227e-11
    2.1731803800361e-11
    2.1778991600977e-11
    2.1846830066005e-11
    2.1911798946678e-11
    2.1980818853385e-11
    2.2506817285591e-11
    2.2582968914704e-11
    2.2650005718793e-11
    2.2709062531839e-11
    2.2750356558399e-11
    2.2797598915221e-11
    2.2836105613453e-11
    2.2864987307516e-11
    2.2879187732225e-11
    2.2871990353772e-11
    2.283614856228e-11
    2.2764332842012e-11
    2.265709760681e-11
    2.2508760141691e-11
    2.2317184412024e-11
    2.2086300451916e-11
    2.1827906626055e-11
    2.1549211708818e-11
    2.1254846625017e-11
    2.0953107745714e-11
    2.0648504154691e-11
    2.1999464118355e-11
    2.1732552438884e-11
    2.1461944800981e-11
    2.1195390360379e-11
    2.0940608745766e-11
    1.8821177444529e-11
    1.8951057709452e-11
    1.903017398796e-11
    1.9255439414775e-11
    1.9374700317524e-11
    1.9633255261612e-11
    1.9894662303708e-11
    2.0163543280052e-11
    2.0442683738291e-11
    2.0731321851988e-11
    2.1025866402648e-11
    2.1320327808476e-11
    2.1607308591973e-11
    2.1879130923877e-11
    2.2128852968942e-11
    2.2706154080008e-11
    2.4214666518244e-11
    2.4440739589082e-11
    2.4667521525359e-11
    2.4923376858648e-11
    2.5153353932279e-11
    2.5383214991017e-11
    2.5612729157329e-11
    2.5841637650486e-11
    2.6069914974806e-11
    2.6637698000548e-11
    2.6883467230262e-11
    2.7401323073642e-11
    2.8515735450233e-11
    2.9047097864306e-11
    2.7123379554661e-11
    2.7657424139631e-11
    2.8221860232928e-11
    2.874504990397e-11
    2.9259123332502e-11
    2.9804024248611e-11
    3.0355442037544e-11
    2.9971855116059e-11
    3.0491918876506e-11
    3.0985523463342e-11
    2.9858242548427e-11
    3.0790150529002e-11
    3.1860303418969e-11
    3.3070378545599e-11
    3.4413695293407e-11
    3.5041969874303e-11
    3.6565320993188e-11
    3.8176328523306e-11
    3.9860524786939e-11
    4.1611034210804e-11
    4.3363100605277e-11
    4.5251733248522e-11
    4.7251301797246e-11
    4.9388480456221e-11
    5.1738572818993e-11
    5.4335389968719e-11
    5.7226164457584e-11
    6.0448850926958e-11
    6.4024571745953e-11
    6.795800740742e-11
    7.2197770750414e-11
    7.6672510030016e-11
    8.117447119154e-11
    8.5722666732827e-11
    8.9865303841414e-11
    9.3489929596357e-11
    9.6639988328929e-11
    9.8954285192375e-11
    1.0030123392192e-10
    1.0062117877414e-10
    9.9939189167712e-11
    9.8353894492069e-11
    9.8895926558684e-11
    9.7472055341551e-11
    1.0076510594332e-10
    1.0387955686238e-10
    1.0684115478675e-10
    1.0963394534963e-10
    1.1229579725455e-10
    1.1456762949542e-10
    1.167312926486e-10
    1.1864651056503e-10
    1.2028608528582e-10
    1.2164405737976e-10
    1.2269731715019e-10
    1.2343101565571e-10
    1.2383433592626e-10
    1.2393168049782e-10
    1.2366372799432e-10
    1.2306207672052e-10
    1.2213494342942e-10
    1.2091956707219e-10
    1.1938530761647e-10
    1.1786731376036e-10
    1.1942375240345e-10
    1.1716106677705e-10
    1.1474047219213e-10
    1.1217473473296e-10
    1.0954500818167e-10
    1.0649817571941e-10
    1.0385483553891e-10
    1.0122631672049e-10
    9.8644056684019e-11
    9.6137875162368e-11
    9.3734779948314e-11
    9.1460214029706e-11
    8.9814464260512e-11
    8.7854421517693e-11
    8.6105766176006e-11
    8.4556338785919e-11
    8.3213273915699e-11
    8.2078008465692e-11
    8.114552202313e-11
    8.04039177612e-11
    7.9834567669433e-11
    7.9412791694634e-11
    7.9110264777149e-11
    7.8896308203106e-11
    7.8741173001153e-11
    7.8618358613968e-11
    7.8504508526558e-11
    7.8388831375403e-11
    7.8248983052435e-11
    7.8075887013818e-11
    7.7910512503826e-11
    7.772736351223e-11
    7.7526733993533e-11
    7.7308149057431e-11
    7.7070957799074e-11
    7.6827974214861e-11
    7.6548120618165e-11
    7.6047660328188e-11
    7.576960803552e-11
    7.5310428404543e-11
    7.4990080020395e-11
    7.4675433899435e-11
    7.4386383812497e-11
    7.4145266387756e-11
    7.3974821991705e-11
    7.3895957538921e-11
    7.3926340854065e-11
    7.4084592301661e-11
    7.4364113899368e-11
    7.477200008168e-11
    7.5304553093098e-11
    7.5953851290502e-11
    7.6748741033785e-11
    7.7596810755997e-11
    7.8526003483058e-11
    7.9523439864206e-11
    8.0576823908859e-11
    8.1673977106773e-11
    8.2802715717786e-11
    8.3953174097515e-11
    8.5157399533958e-11
    8.6301610094061e-11
    8.7424880448164e-11
    8.8511569873124e-11
    8.9548802741601e-11
    9.0523500445517e-11
    9.1423101331083e-11
    9.2235374867654e-11
    9.2945686965549e-11
    9.775929525317e-11
    9.8370007131109e-11
    9.8843039131636e-11
    9.9175544058482e-11
    1.0054716320789e-10
    1.0063335263878e-10
    1.0063883850489e-10
    1.0059603149352e-10
    1.0054134472693e-10
    1.0051589261019e-10
    1.00557529452e-10
    1.0069949255434e-10
    1.0096826726334e-10
    1.0141512543678e-10
    8.5362125748408e-11
    9.8240837436188e-11
    8.6800657773698e-11
    8.8633530864662e-11
    9.0026586622465e-11
    9.1560109649832e-11
    9.2537710592372e-11
    9.4302802877929e-11
    9.615141871575e-11
    9.8463181644079e-11
    1.0037714744183e-10
    1.0226380396866e-10
    1.0810797212003e-10
    1.0961328093178e-10
    1.109632079968e-10
    1.116984106745e-10
    1.1271702037083e-10
    1.1334444636797e-10
    1.1370797026056e-10
    1.138110772943e-10
    1.1366808159244e-10
    1.1330265314996e-10
    1.1274507587383e-10
    1.1198665739748e-10
    1.1115585541153e-10
    1.1024450223522e-10
    9.5638219190352e-11
    9.4955301525789e-11
    9.4266160683363e-11
    9.3616124676208e-11
    9.3464702802093e-11
    9.3002155106282e-11
    9.2689205117617e-11
    9.2550197941996e-11
    9.259203524658e-11
    9.1598103234536e-11
    9.1535679409925e-11
    9.1656378028604e-11
    9.1952157594766e-11
    9.2434833304646e-11
    9.3104844912662e-11
    9.3951870526649e-11
    9.4968607540148e-11
    9.6141145381065e-11
    9.7440852934256e-11
    1.1122746038084e-10
    1.1227708002288e-10
    1.1434654299239e-10
    1.1644391279953e-10
    1.1852043837445e-10
    1.2103607784861e-10
    1.2292837903399e-10
    1.0969741345934e-10
    1.1123941694802e-10
    1.127484395171e-10
    1.1418559616794e-10
    1.1550708838911e-10
    1.1666582272833e-10
    1.1761424871766e-10
    1.1821705643178e-10
    1.1862538567153e-10
    1.1473971335065e-10
    1.1472010915372e-10
    1.1443092724267e-10
    1.1389449163835e-10
    1.1840321763464e-10
    1.1651119471292e-10
    1.1574771681699e-10
    1.1950743561575e-10
    1.1891162946274e-10
    1.1825340447454e-10
    1.1754807632755e-10
    1.1681143732385e-10
    1.2054823958099e-10
    1.1964854725215e-10
    1.169768606847e-10
    1.160281485484e-10
    1.1509324450133e-10
    1.1418599690643e-10
    1.1336256699842e-10
    1.1257510719775e-10
    1.1188119531896e-10
    1.1129855489162e-10
    1.1080809255324e-10
    1.1047140623378e-10
    1.102558917673e-10
    1.1015115987866e-10
    1.1014314196694e-10
    1.1021294354852e-10
    1.1034456960029e-10
    1.1211841684403e-10
    1.1250609262386e-10
    1.1292578126108e-10
    1.1336213509776e-10
    1.1380422855086e-10
    1.1424467804007e-10
    1.3138079640877e-10
    1.3252980305264e-10
    1.3365734493704e-10
    1.3475282007373e-10
    1.3716084130587e-10
    1.3820042414219e-10
    1.3901586724119e-10
    1.3992577329895e-10
    1.4076132114653e-10
    1.1748992943093e-10
    1.1779157071452e-10
    1.1811688877241e-10
    1.1961368026361e-10
    1.1997135694693e-10
    1.2041172693838e-10
    1.2310036750044e-10
    1.213965999355e-10
    1.222051305435e-10
    1.2316565958586e-10
    1.2463771538848e-10
    1.2587199734622e-10
    1.2719805122347e-10
    1.2817842792015e-10
    1.2956115936174e-10
    1.3095678952426e-10
    1.3205418821369e-10
    1.3398016619255e-10
    1.2227167156591e-10
    1.4975274242389e-10
    1.4990170130953e-10
    1.5005628735617e-10
    1.5022343663425e-10
    1.5040880879735e-10
    1.559686756048e-10
    1.5629014885622e-10
    1.5661030384372e-10
    1.5691060398996e-10
    1.5713305370546e-10
    1.5736447022903e-10
    1.5753484937608e-10
    1.5779374083206e-10
    1.5813452793686e-10
    1.5861229724222e-10
    1.6008323340315e-10
    1.6070686539539e-10
    1.5794939282863e-10
    1.586962247063e-10
    1.5955605883958e-10
    1.6038848603386e-10
    1.6154131735948e-10
    1.6243892049781e-10
    1.6614484625684e-10
    1.6697748542289e-10
    1.6753710334079e-10
    1.6822227534691e-10
    1.6722733200838e-10
    1.6770198614332e-10
    1.6808318392205e-10
    1.6836851236178e-10
    1.6855889501701e-10
    1.7614674441723e-10
    1.7707501966775e-10
    1.7803381574105e-10
    1.6795930755378e-10
    1.6737361592186e-10
    1.6822494207243e-10
    1.6740782607543e-10
    1.6661106034659e-10
    1.7439882087054e-10
    1.7974910405149e-10
    1.7852568975642e-10
    1.7733452596327e-10
    1.7618769974808e-10
    1.7509789095274e-10
    1.7409272303941e-10
    1.7317277063034e-10
    1.7235295502684e-10
    1.7169690007719e-10
    1.7252188243768e-10
    1.733979730452e-10
    1.7321771990513e-10
    1.7321337493762e-10
    1.7339524527766e-10
    1.7373283771193e-10
    1.7422954273407e-10
    1.6220558657388e-10
    1.633778701808e-10
    1.6477380912069e-10
    1.7880123578529e-10
    1.8007597266295e-10
    1.7417464707611e-10
    1.7570370533343e-10
    1.7748614211169e-10
    1.7952141954407e-10
