0 39 -2.8534890038013 0.99994075899137
0.1 56 -2.8534890535594 0.99987978097596
0.2 73 -2.8534890535786 0.99969697845927
0.3 90 -2.8534890536095 0.99939274533198
0.4 107 -2.8534890536802 0.99896773606603
0.5 124 -2.8534890536961 0.9984228622896
0.6 128 -2.8534890537204 0.9977592874837
0.7 128 -2.8534890537579 0.99697841964567
0.8 128 -2.8534890538151 0.9960819021203
0.9 128 -2.8534890538999 0.99507160298343
1 128 -2.8534890539432 0.99394960327227
1.1 128 -2.8534890540016 0.99271818393993
1.2 128 -2.8534890540078 0.99137981204132
1.3 128 -2.853489054014 0.989937125726
1.4 128 -2.8534890540203 0.98839291866771
1.5 128 -2.8534890540266 0.98675012360709
1.6 128 -2.8534890540331 0.98501179563342
1.7 128 -2.8534890540396 0.98318109477814
1.8 128 -2.8534890540461 0.98126126875236
1.9 128 -2.8534890540527 0.97925563529977
2 128 -2.8534890540592 0.97716756481462
2.1 128 -2.8534890540658 0.97500046305535
2.2 128 -2.8534890540724 0.97275775415476
2.3 128 -2.8534890540791 0.97044286429462
2.4 128 -2.8534890540858 0.96805920572
2.5 128 -2.8534890540925 0.96561016152356
2.6 128 -2.8534890540993 0.96309907090091
2.7 128 -2.853489054106 0.96052921561176
2.8 128 -2.8534890541128 0.95790380725654
2.9 128 -2.8534890541196 0.95522597544829
3 128 -2.8534890541264 0.95249875726568
3.1 128 -2.8534890541332 0.94972508761004
3.2 128 -2.85348905414 0.94690779058602
3.3 128 -2.8534890541469 0.9440495721168
3.4 128 -2.8534890541537 0.94115301384687
3.5 128 -2.8534890541605 0.93822056785982
3.6 128 -2.8534890541673 0.93525455308966
3.7 128 -2.8534890541742 0.93225715212717
3.8 128 -2.853489054181 0.92923040973224
3.9 128 -2.8534890541879 0.92617623188858
4 128 -2.8534890541948 0.92309638637337
4.1 128 -2.8534890542017 0.9199925038458
4.2 128 -2.8534890542087 0.91686608056317
4.3 128 -2.8534890542156 0.91371848118246
4.4 128 -2.8534890542226 0.91055094285316
4.5 128 -2.8534890542297 0.90736457984891
4.6 128 -2.8534890542368 0.90416038921834
4.7 128 -2.853489054244 0.90093925683992
4.8 128 -2.8534890542512 0.89770196399645
4.9 128 -2.8534890542585 0.89444919458115
5 128 -2.8534890542657 0.89118154268897
5.1 128 -2.8534890542731 0.88789952056691
5.2 128 -2.8534890542804 0.88460356683137
5.3 128 -2.8534890542879 0.88129405500737
5.4 128 -2.8534890542954 0.87797130179339
5.5 128 -2.853489054303 0.87463557604572
5.6 128 -2.8534890543106 0.87128710725555
5.7 128 -2.8534890543182 0.86792609394672
5.8 128 -2.8534890543259 0.86455271228518
5.9 128 -2.8534890543336 0.86116712418722
6 128 -2.8534890543412 0.85776948521596
6.1 128 -2.8534890543489 0.85435995208586
6.2 128 -2.8534890543567 0.85093868992363
6.3 128 -2.8534890543644 0.84750587878799
6.4 128 -2.8534890543722 0.84406172003917
6.5 128 -2.85348905438 0.84060644195261
6.6 128 -2.8534890543877 0.83714030483579
6.7 128 -2.8534890543955 0.83366360538452
6.8 128 -2.8534890544033 0.83017668061977
6.9 128 -2.8534890544111 0.82667991100917
7 128 -2.853489054419 0.82317372304924
7.1 128 -2.8534890544268 0.81965859089125
7.2 128 -2.8534890544346 0.81613503764109
7.3 128 -2.8534890544425 0.81260363575344
7.4 128 -2.8534890544504 0.80906500674875
7.5 128 -2.8534890544583 0.80551982053422
7.6 128 -2.8534890544663 0.80196879362547
7.7 128 -2.8534890544744 0.79841268720228
7.8 128 -2.8534890544825 0.79485230441693
7.9 128 -2.8534890544907 0.79128848728163
8 128 -2.853489054499 0.7877221130723
8.1 128 -2.8534890545074 0.78415409026087
8.2 128 -2.8534890545161 0.78058535409422
8.3 128 -2.8534890545245 0.77701686181613
8.4 128 -2.8534890545331 0.77344958762757
8.5 128 -2.8534890545418 0.76988451748596
8.6 128 -2.8534890545505 0.76632264367222
8.7 128 -2.8534890545598 0.76276495931777
8.8 128 -2.8534890545686 0.75921245289332
8.9 128 -2.8534890545774 0.7556661027191
9 128 -2.8534890545863 0.75212687155177
9.1 128 -2.8534890545951 0.74859570129633
9.2 128 -2.8534890546039 0.74507350789227
9.3 128 -2.8534890546127 0.74156117642109
9.4 128 -2.8534890546221 0.73805955647819
9.5 128 -2.8534890546309 0.73456945785732
9.6 128 -2.8534890546396 0.73109164660665
9.7 128 -2.8534890546482 0.72762684132228
9.8 128 -2.8534890546569 0.72417571004975
9.9 128 -2.8534890546656 0.72073886748046
10 128 -2.8534890546743 0.71731687262729
10.1 128 -2.8534890546831 0.71391022711185
10.2 128 -2.853489054692 0.71051937334025
10.3 128 -2.8534890547009 0.70714469403058
10.4 128 -2.8534890547098 0.70378651165426
10.5 128 -2.8534890547189 0.70044508850538
10.6 128 -2.853489054728 0.69712062727576
10.7 128 -2.8534890547371 0.69381327200686
10.8 128 -2.8534890547463 0.69052310966696
10.9 128 -2.8534890547555 0.68725017207958
11 128 -2.8534890547647 0.68399443828042
11.1 128 -2.853489054774 0.68075583731949
11.2 128 -2.8534890547834 0.67753425154985
11.3 128 -2.8534890547927 0.67432952008525
11.4 128 -2.8534890548021 0.67114144268869
11.5 128 -2.8534890548116 0.66796978393064
11.6 128 -2.853489054821 0.66481427755638
11.7 128 -2.8534890548304 0.66167463126705
11.8 128 -2.8534890548399 0.65855053142747
11.9 128 -2.8534890548493 0.65544164808472
12 128 -2.8534890548586 0.65234763997546
12.1 128 -2.8534890548678 0.64926816001892
12.2 128 -2.853489054877 0.64620286004106
12.3 128 -2.8534890548861 0.64315139617117
12.4 128 -2.8534890548952 0.64011343385466
12.5 128 -2.8534890549042 0.63708865279794
12.6 128 -2.8534890549132 0.63407675174033
12.7 128 -2.853489054922 0.63107745302424
12.8 128 -2.8534890549309 0.62809050690044
12.9 128 -2.8534890549397 0.62511569562089
13 128 -2.8534890549484 0.62215283707559
13.1 128 -2.8534890549572 0.61920178808972
13.2 128 -2.8534890549659 0.61626244737806
13.3 128 -2.8534890549747 0.61333475804553
13.4 128 -2.8534890549834 0.61041870965081
13.5 128 -2.8534890549923 0.60751433975902
13.6 128 -2.8534890550012 0.60462173509244
13.7 128 -2.85348905501 0.60174103202201
13.8 128 -2.8534890550189 0.59887241686202
13.9 128 -2.8534890550279 0.59601612533998
14 128 -2.8534890550368 0.59317244176113
14.1 128 -2.8534890550459 0.59034169765956
14.2 128 -2.8534890550552 0.58752427000598
14.3 128 -2.8534890550644 0.58472057863056
14.4 128 -2.8534890550737 0.58193108421063
14.5 128 -2.8534890550831 0.57915628461468
14.6 128 -2.8534890550925 0.57639671164922
14.7 128 -2.8534890551019 0.5736529273058
14.8 128 -2.8534890551114 0.57092551972397
14.9 128 -2.8534890551208 0.56821509895098
15 128 -2.8534890551303 0.56552229234505
15.1 128 -2.8534890551399 0.56284774006921
15.2 128 -2.8534890551495 0.56019209030202
15.3 128 -2.8534890551594 0.55755599441296
15.4 128 -2.8534890551693 0.55494010217356
15.5 128 -2.8534890551794 0.55234505693803
15.6 128 -2.8534890551897 0.54977149080541
15.7 128 -2.8534890552001 0.54722002006495
15.8 128 -2.8534890552107 0.54469124063744
15.9 128 -2.8534890552208 0.5421857237699
16 128 -2.8534890552309 0.53970401161911
16.1 128 -2.8534890552411 0.53724661349188
16.2 128 -2.8534890552513 0.53481400211103
16.3 128 -2.8534890552616 0.5324066099985
16.4 128 -2.8534890552721 0.53002482654977
16.5 128 -2.8534890552828 0.52766899497891
16.6 128 -2.8534890552933 0.52533941007562
16.7 128 -2.8534890553038 0.52303631609928
16.8 128 -2.8534890553145 0.52075990458528
16.9 128 -2.8534890553251 0.51851031322557
17 128 -2.8534890553359 0.51628762456368
17.1 128 -2.8534890553467 0.51409186532085
17.2 128 -2.8534890553575 0.5119230060307
17.3 128 -2.8534890553684 0.50978096104411
17.4 128 -2.8534890553794 0.50766558890648
17.5 128 -2.8534890553905 0.5055766930892
17.6 128 -2.8534890554016 0.503514023083
17.7 128 -2.8534890554128 0.50147727591162
17.8 128 -2.853489055424 0.49946609780241
17.9 128 -2.8534890554353 0.49748008672507
18 128 -2.8534890554466 0.49551879458313
18.1 128 -2.8534890554579 0.49358173016523
18.2 128 -2.8534890554693 0.49166836231291
18.3 128 -2.8534890554807 0.48977812339122
18.4 128 -2.853489055492 0.48791041304471
18.5 128 -2.8534890555031 0.48606460221889
18.6 128 -2.8534890555142 0.48424003742481
18.7 128 -2.8534890555251 0.48243604522206
18.8 128 -2.8534890555357 0.48065193684571
18.9 128 -2.8534890555463 0.47888701316424
19 128 -2.8534890555566 0.47714056955854
19.1 128 -2.8534890555668 0.47541190096087
19.2 128 -2.8534890555768 0.47370030698022
19.3 128 -2.8534890555869 0.47200509701738
19.4 128 -2.8534890555969 0.47032559534755
19.5 128 -2.8534890556069 0.46866114612603
19.6 128 -2.853489055617 0.46701111824873
19.7 128 -2.8534890556272 0.46537491022577
19.8 128 -2.8534890556374 0.46375195420729
19.9 128 -2.8534890556477 0.46214172093955
20 128 -2.853489055658 0.46054372318643
20.1 128 -2.8534890556683 0.45895751954575
20.2 128 -2.8534890556787 0.45738271751667
20.3 128 -2.8534890556891 0.45581897642315
20.4 128 -2.8534890556995 0.45426600978659
20.5 128 -2.8534890557099 0.45272358707083
20.6 128 -2.8534890557204 0.45119153519636
20.7 128 -2.8534890557308 0.44966973939069
20.8 128 -2.8534890557412 0.44815814357243
20.9 128 -2.8534890557517 0.44665675017228
21 128 -2.8534890557621 0.44516561952158
21.1 128 -2.8534890557727 0.44368486858602
21.2 128 -2.8534890557833 0.44221466940146
21.3 128 -2.8534890557939 0.44075524676007
21.4 128 -2.8534890558046 0.43930687608006
21.5 128 -2.8534890558154 0.43786988000948
21.6 128 -2.8534890558262 0.43644462517561
21.7 128 -2.853489055837 0.43503151894253
21.8 128 -2.853489055848 0.43363100508617
21.9 128 -2.8534890558591 0.43224355972974
22 128 -2.8534890558702 0.43086968694118
22.1 128 -2.8534890558815 0.42950991422225
22.2 128 -2.853489055893 0.42816478792576
22.3 128 -2.8534890559046 0.42683486863161
22.4 128 -2.8534890559983 0.4255207312963
22.5 128 -2.8534890560803 0.4242229460901
22.6 128 -2.8534890561519 0.42294208874207
22.7 128 -2.8534890562144 0.42167873102619
22.8 128 -2.8534890562695 0.42043343697048
22.9 128 -2.8534890563187 0.41920675862151
23 128 -2.8534890563637 0.41799923194951
23.1 128 -2.853489056406 0.41681137368641
23.2 128 -2.8534890564465 0.41564367811721
23.3 128 -2.8534890564863 0.41449661372684
23.4 128 -2.853489056526 0.41337062070273
23.5 128 -2.8534890565656 0.412266108688
23.6 128 -2.8534890566057 0.41118345372153
23.7 128 -2.8534890566465 0.41012299717253
23.8 128 -2.8534890566879 0.40908504377325
23.9 128 -2.8534890567299 0.40806986018337
24 128 -2.8534890567725 0.40707767379342
24.1 128 -2.853489056816 0.40610867174557
24.2 128 -2.8534890568607 0.40516300029908
24.3 128 -2.8534890569073 0.40424076389707
24.4 128 -2.8534890569566 0.40334202597229
24.5 128 -2.8534890570096 0.40246680772045
24.6 128 -2.8534890570672 0.4016150889031
24.7 128 -2.8534890571305 0.40078680684993
24.8 128 -2.8534890572003 0.39998185789422
24.9 128 -2.8534890572776 0.39920009774625
25 128 -2.8534890573628 0.39844134163601
25.1 128 -2.8534890574564 0.39770536557255
25.2 128 -2.8534890575586 0.39699190700282
25.3 128 -2.8534890575745 0.3963006704048
25.4 128 -2.8534890575905 0.39563131602799
25.5 128 -2.8534890576065 0.39498347334773
25.6 128 -2.8534890576225 0.39435673874213
25.7 128 -2.8534890576387 0.39375067721911
25.8 128 -2.8534890576551 0.39316482430528
25.9 128 -2.8534890576716 0.39259868749011
26 128 -2.8534890576884 0.39205175025579
26.1 128 -2.8534890577054 0.3915234726089
26.2 128 -2.8534890577227 0.39101329458085
26.3 128 -2.8534890577402 0.39052063788604
26.4 128 -2.8534890577579 0.39004490970225
26.5 128 -2.8534890577757 0.38958550525773
26.6 128 -2.8534890577937 0.38914181088796
26.7 128 -2.8534890578118 0.38871320712139
26.8 128 -2.8534890578302 0.38829907186953
26.9 128 -2.8534890578487 0.38789878365236
27 128 -2.8534890578674 0.3875117248349
27.1 128 -2.8534890578873 0.38713728477169
27.2 128 -2.8534890579074 0.38677486323494
27.3 128 -2.8534890579278 0.38642387323
27.4 128 -2.8534890579449 0.3860837448819
27.5 128 -2.8534890579622 0.38575392618602
27.6 128 -2.8534890579796 0.38543388760523
27.7 128 -2.8534890579972 0.3851231242733
27.8 128 -2.8534890581084 0.38482115730273
27.9 128 -2.8534890582112 0.38452753754403
28 128 -2.8534890583064 0.38424184598278
28.1 128 -2.853489058395 0.38396369565576
28.2 128 -2.8534890584782 0.3836927328569
28.3 128 -2.8534890585573 0.38342863803307
28.4 128 -2.8534890586344 0.38317112589187
28.5 128 -2.85348905871 0.38291994670673
28.6 128 -2.8534890587852 0.38267488593208
28.7 128 -2.8534890588601 0.38243576352022
28.8 128 -2.853489058935 0.38220243264542
28.9 128 -2.8534890590093 0.38197477968998
29 128 -2.8534890590821 0.38175272268229
29.1 128 -2.8534890591522 0.38153620980529
29.2 128 -2.8534890592186 0.38132521768723
29.3 128 -2.8534890592811 0.38111974950496
29.4 128 -2.853489059341 0.38091983278678
29.5 128 -2.8534890594006 0.38072551806924
29.6 128 -2.8534890594635 0.38053687526228
29.7 128 -2.8534890595338 0.38035399219822
29.8 128 -2.8534890596154 0.38017697215773
29.9 128 -2.8534890596341 0.38000593117848
30 128 -2.8534890596527 0.37984099572005
30.1 128 -2.8534890596712 0.37968230038292
30.2 128 -2.8534890596898 0.37952998553994
30.3 128 -2.8534890597084 0.37938419494021
30.4 128 -2.8534890597271 0.37924507376051
30.5 128 -2.8534890597459 0.37911276653662
30.6 128 -2.8534890597649 0.37898741524258
30.7 128 -2.853489059784 0.37886915774988
30.8 128 -2.8534890598034 0.37875812608303
30.9 128 -2.8534890598589 0.37865444834326
31 128 -2.8534890599117 0.37855823761827
31.1 128 -2.8534890599623 0.37846960095542
31.2 128 -2.8534890600109 0.37838863510506
31.3 128 -2.853489060058 0.37831542582526
31.4 128 -2.8534890601038 0.37825004735549
31.5 128 -2.8534890601486 0.37819256205377
31.6 128 -2.8534890601924 0.37814302019072
31.7 128 -2.8534890602355 0.37810145986275
31.8 128 -2.8534890602767 0.37806790750308
31.9 128 -2.8534890603176 0.37804237692255
32 128 -2.8534890603581 0.37802487087871
32.1 128 -2.8534890603982 0.37801538087093
32.2 128 -2.8534890604381 0.3780138881334
32.3 128 -2.8534890605685 0.37802037028925
32.4 128 -2.8534890606896 0.37803478177255
32.5 128 -2.8534890607887 0.37805707699538
32.6 128 -2.8534890608784 0.37808720147327
32.7 128 -2.8534890609651 0.37812509471814
32.8 128 -2.8534890610561 0.37817069006349
32.9 128 -2.8534890611591 0.3782239158542
33 128 -2.853489061282 0.37828469634335
33.1 128 -2.8534890613171 0.37835294816666
33.2 128 -2.8534890613513 0.37842859428258
33.3 128 -2.8534890613835 0.37851155183758
33.4 128 -2.853489061415 0.3786017374026
33.5 128 -2.8534890614459 0.37869906769103
33.6 128 -2.8534890614762 0.37880346029307
33.7 128 -2.8534890615063 0.37891483438099
33.8 128 -2.8534890615359 0.37903311135837
33.9 128 -2.8534890615655 0.37915821534786
34 128 -2.8534890615948 0.37929007364706
34.1 128 -2.8534890616242 0.37942861718719
34.2 128 -2.8534890616535 0.37957378084819
34.3 128 -2.8534890616832 0.37972550372062
34.4 128 -2.8534890617132 0.37988372929621
34.5 128 -2.853489061745 0.38004840571792
34.6 128 -2.8534890617778 0.38021948544889
34.7 128 -2.8534890618116 0.38039692545471
34.8 128 -2.8534890618468 0.38058068758643
34.9 128 -2.8534890618836 0.38077073782776
35 128 -2.8534890619224 0.38096704648656
35.1 128 -2.853489061964 0.38116958731607
35.2 128 -2.8534890620078 0.38137833847879
35.3 128 -2.8534890620545 0.38159328126755
35.4 128 -2.8534890621042 0.38181440016997
35.5 128 -2.8534890621573 0.38204168245802
35.6 128 -2.8534890622139 0.38227511797441
35.7 128 -2.8534890622742 0.38251469879868
35.8 128 -2.8534890623002 0.38276042275223
35.9 128 -2.8534890623263 0.38301228192068
36 128 -2.8534890623526 0.38327027338121
36.1 128 -2.8534890623787 0.38353439539066
36.2 128 -2.853489062405 0.38380464702492
36.3 128 -2.8534890624315 0.38408102807094
36.4 128 -2.8534890624585 0.38436353876602
36.5 128 -2.8534890624856 0.38465217929474
36.6 128 -2.8534890625957 0.3849469543397
36.7 128 -2.8534890626935 0.38524785933557
36.8 128 -2.8534890627815 0.38555489418564
36.9 128 -2.8534890628619 0.38586805805966
37 128 -2.8534890629366 0.3861873491813
37.1 128 -2.853489063007 0.38651276438219
37.2 128 -2.8534890630742 0.38684429873266
37.3 128 -2.8534890631389 0.38718194508014
37.4 128 -2.8534890632019 0.38752569351844
37.5 128 -2.8534890632595 0.38787553071278
37.6 128 -2.8534890633161 0.38823143942341
37.7 128 -2.853489063372 0.38859339752058
37.8 128 -2.8534890634278 0.38896137720243
37.9 128 -2.8534890634837 0.38933534411026
38 128 -2.8534890635404 0.38971525631771
38.1 128 -2.8534890635983 0.39010106331868
38.2 128 -2.8534890636579 0.390492704976
38.3 128 -2.8534890637198 0.39089011046533
38.4 128 -2.8534890637842 0.39129319720911
38.5 128 -2.853489063851 0.39170186976491
38.6 128 -2.8534890639202 0.39211601897303
38.7 128 -2.8534890639913 0.392535520785
38.8 128 -2.853489064064 0.39296023542102
38.9 128 -2.8534890641376 0.39339000657646
39 128 -2.8534890642114 0.39382466080434
39.1 128 -2.853489064286 0.39426400685635
39.2 128 -2.8534890643596 0.39470783563471
39.3 128 -2.8534890644355 0.39515592002361
39.4 128 -2.8534890645094 0.39560801462061
39.5 128 -2.8534890645809 0.39606385648654
39.6 128 -2.8534890646502 0.39652316557814
39.7 128 -2.8534890647174 0.39698564557151
39.8 128 -2.8534890647831 0.39745098494367
39.9 128 -2.8534890648484 0.39791885831098
40 128 -2.853489064914 0.39838892786964
40.1 128 -2.8534890649815 0.39886084565599
40.2 128 -2.8534890650522 0.39933425514565
40.3 128 -2.853489065127 0.39980879363016
40.4 128 -2.853489065207 0.40028409461759
40.5 128 -2.8534890652927 0.40075979037217
40.6 128 -2.8534890653846 0.40123551455813
40.7 128 -2.8534890654823 0.40171090494587
40.8 128 -2.8534890655861 0.40218560615948
40.9 128 -2.8534890656953 0.40265927241633
41 128 -2.8534890658094 0.40313157012627
41.1 128 -2.853489065851 0.40360218406897
41.2 128 -2.8534890658937 0.4040708092988
41.3 128 -2.8534890659367 0.40453716385541
41.4 128 -2.8534890659796 0.40500098737597
41.5 128 -2.8534890660223 0.40546204285919
41.6 128 -2.8534890660648 0.4059201182949
41.7 128 -2.853489066107 0.40637502789893
41.8 128 -2.8534890661488 0.40682661309815
41.9 128 -2.8534890661902 0.40727474320029
42 128 -2.853489066231 0.40771931575558
42.1 128 -2.8534890663424 0.40816025393111
42.2 128 -2.8534890664497 0.40859751430093
42.3 128 -2.8534890665524 0.40903107807798
42.4 128 -2.8534890666497 0.40946095334491
42.5 128 -2.8534890667418 0.40988717265759
42.6 128 -2.8534890668287 0.41030979275241
42.7 128 -2.8534890669099 0.41072889244711
42.8 128 -2.8534890669856 0.41114457074664
42.9 128 -2.8534890670557 0.41155694480308
43 128 -2.8534890671206 0.41196614776159
43.1 128 -2.8534890671808 0.41237232652426
43.2 128 -2.8534890672373 0.41277563939324
43.3 128 -2.8534890672912 0.41317625398448
43.4 128 -2.8534890673442 0.41357434473639
43.5 128 -2.8534890673981 0.41397009075686
43.6 128 -2.8534890674549 0.41436367367977
43.7 128 -2.8534890675164 0.41475527562897
43.8 128 -2.853489067585 0.41514507726423
43.9 128 -2.853489067661 0.41553325617235
44 128 -2.8534890677453 0.41591998512802
44.1 128 -2.853489067838 0.41630543064075
44.2 128 -2.8534890679392 0.41668975203985
44.3 128 -2.8534890679806 0.41707309838297
44.4 128 -2.8534890680224 0.41745561264491
44.5 128 -2.8534890680646 0.41783742656676
44.6 128 -2.853489068107 0.418218661479
44.7 128 -2.8534890681498 0.41859942838239
44.8 128 -2.8534890681929 0.41897982745094
44.9 128 -2.8534890682362 0.41935994815557
45 128 -2.8534890682801 0.41973986939187
45.1 128 -2.8534890683247 0.42011965971889
45.2 128 -2.8534890684523 0.42049938363698
45.3 128 -2.8534890685748 0.42087908423829
45.4 128 -2.8534890686908 0.42125880117056
45.5 128 -2.8534890687995 0.42163856540586
45.6 128 -2.8534890689007 0.42201839980858
45.7 128 -2.8534890689937 0.42239831958403
45.8 128 -2.8534890690786 0.42277833293969
45.9 128 -2.8534890691562 0.42315844160731
46 128 -2.8534890692274 0.42353864138804
46.1 128 -2.8534890692933 0.42391892268091
46.2 128 -2.8534890693554 0.42429927099184
46.3 128 -2.8534890694152 0.42467966742375
46.4 128 -2.8534890694742 0.42506008914573
46.5 128 -2.8534890695336 0.42544050984618
46.6 128 -2.853489069595 0.42582090016959
46.7 128 -2.8534890696595 0.42620122814173
46.8 128 -2.8534890697282 0.42658145958408
46.9 128 -2.8534890698017 0.42696155852051
47 128 -2.8534890698806 0.42734148757835
47.1 128 -2.853489069997 0.42772120579694
47.2 128 -2.8534890701175 0.42810067681874
47.3 128 -2.8534890702426 0.42847986135558
47.4 128 -2.8534890703838 0.42885872034721
47.5 128 -2.8534890705284 0.42923721549475
47.6 128 -2.8534890706756 0.42961530923437
47.7 128 -2.8534890708249 0.42999296511577
47.8 128 -2.8534890709757 0.43037014871551
47.9 128 -2.8534890711276 0.43074682735224
48 128 -2.85348907128 0.43112297056478
48.1 128 -2.8534890714325 0.43149855035138
48.2 128 -2.8534890715847 0.43187354151964
48.3 128 -2.8534890717362 0.4322479213548
48.4 128 -2.8534890718868 0.43262167016485
48.5 128 -2.8534890720363 0.43299477113854
48.6 128 -2.8534890721843 0.43336721028801
48.7 128 -2.8534890723308 0.43373897631788
48.8 128 -2.8534890724755 0.43411006041955
48.9 128 -2.8534890726181 0.43448045599107
49 128 -2.8534890727584 0.4348501582848
49.1 128 -2.8534890728963 0.4352191639876
49.2 128 -2.853489072998 0.43558747290504
49.3 128 -2.8534890730943 0.43595508113767
49.4 128 -2.8534890731849 0.4363219865592
49.5 128 -2.8534890732701 0.43668818630261
49.6 128 -2.8534890733504 0.43705367609881
49.7 128 -2.8534890734266 0.43741844964246
49.8 128 -2.8534890735001 0.43778249827837
49.9 128 -2.8534890735721 0.43814580949553
50 128 -2.8534890736431 0.43850836724827
50.1 128 -2.8534890737145 0.43887015115991
50.2 128 -2.8534890737868 0.43923113607314
50.3 128 -2.8534890738606 0.43959129162588
50.4 128 -2.8534890739361 0.43995058191825
50.5 128 -2.8534890740139 0.44030896530447
50.6 128 -2.8534890740948 0.44066639429009
50.7 128 -2.8534890741787 0.44102281579566
50.8 128 -2.8534890742681 0.44137817120416
50.9 128 -2.8534890743638 0.44173239666983
51 128 -2.8534890744662 0.44208542379106
51.1 128 -2.8534890745757 0.44243717910443
51.2 128 -2.8534890746927 0.44278758561799
51.3 128 -2.8534890748181 0.44313656313717
51.4 128 -2.8534890749496 0.44348402873267
51.5 128 -2.8534890750862 0.44382989778077
51.6 128 -2.8534890752271 0.44417408465547
51.7 128 -2.8534890753715 0.44451650354787
51.8 128 -2.8534890755186 0.44485706929118
51.9 128 -2.8534890756677 0.4451956979786
52 128 -2.8534890758185 0.44553230833651
52.1 128 -2.8534890759709 0.44586682174656
52.2 128 -2.8534890761248 0.44619916351912
52.3 128 -2.8534890762807 0.44652926311239
52.4 128 -2.8534890764391 0.44685705479373
52.5 128 -2.8534890766009 0.44718247807854
52.6 128 -2.8534890767669 0.44750547807091
52.7 128 -2.8534890768446 0.44782600946123
52.8 128 -2.8534890769235 0.44814402564581
52.9 128 -2.8534890770052 0.44845948958705
53 128 -2.8534890770883 0.44877236984754
53.1 128 -2.8534890771729 0.44908264087929
53.2 128 -2.8534890772589 0.44939028261505
53.3 128 -2.8534890773463 0.4496952801306
53.4 128 -2.8534890774348 0.44999762326376
53.5 128 -2.8534890775242 0.45029730606952
53.6 128 -2.8534890776144 0.45059432639098
53.7 128 -2.853489077705 0.45088868529415
53.8 128 -2.853489077796 0.45118038651398
53.9 128 -2.8534890778863 0.45146943564495
54 128 -2.8534890779764 0.45175584032123
54.1 128 -2.8534890780661 0.45203960904752
54.2 128 -2.8534890781554 0.45232075086498
54.3 128 -2.8534890782441 0.45259927494865
54.4 128 -2.8534890783323 0.45287519022752
54.5 128 -2.8534890784199 0.45314850506853
54.6 128 -2.8534890785069 0.45341922703087
54.7 128 -2.8534890785933 0.45368736244202
54.8 128 -2.8534890786792 0.45395291712285
54.9 128 -2.8534890787644 0.45421589542238
55 128 -2.8534890788487 0.45447630055926
55.1 128 -2.8534890789324 0.45473413517291
55.2 128 -2.8534890790159 0.45498940103192
55.3 128 -2.8534890790988 0.45524209945307
55.4 128 -2.8534890791812 0.45549223161272
55.5 128 -2.8534890792632 0.45573979890284
55.6 128 -2.8534890793481 0.45598480329863
55.7 128 -2.8534890794324 0.45622724764196
55.8 128 -2.8534890795165 0.45646713654374
55.9 128 -2.8534890796007 0.45670447649846
56 128 -2.8534890796849 0.45693927626773
56.1 128 -2.85348907977 0.45717154757685
56.2 128 -2.8534890798553 0.45740130498341
56.3 128 -2.8534890799426 0.45762856677547
56.4 128 -2.853489080031 0.45785335517
56.5 128 -2.8534890801191 0.45807569662891
56.6 128 -2.8534890802086 0.45829562207827
56.7 128 -2.8534890802992 0.45851316690137
56.8 128 -2.8534890803909 0.45872837128356
56.9 128 -2.8534890804838 0.45894128016127
57 128 -2.8534890805766 0.45915194365665
57.1 128 -2.8534890806704 0.45936041554654
57.2 128 -2.8534890807639 0.45956675441533
57.3 128 -2.8534890808586 0.45977102299914
57.4 128 -2.8534890809563 0.45997328789513
57.5 128 -2.853489081054 0.4601736184289
57.6 128 -2.8534890811527 0.46037208718979
57.7 128 -2.8534890812525 0.46056876866202
57.8 128 -2.8534890813544 0.46076373874945
57.9 128 -2.8534890814594 0.46095707376952
58 128 -2.8534890815655 0.46114884995132
58.1 128 -2.8534890816703 0.46133914226386
58.2 128 -2.8534890817759 0.46152802337197
58.3 128 -2.8534890818822 0.46171556271047
58.4 128 -2.8534890819889 0.46190182535188
58.5 128 -2.8534890820957 0.46208687088721
58.6 128 -2.8534890822024 0.46227075229132
58.7 128 -2.8534890823087 0.46245351478671
58.8 128 -2.8534890824145 0.46263519471989
58.9 128 -2.8534890825197 0.46281581847023
59 128 -2.8534890826243 0.46299540137205
59.1 128 -2.8534890827282 0.46317394682178
59.2 128 -2.8534890828312 0.46335144548905
59.3 128 -2.8534890829323 0.46352787384994
59.4 128 -2.8534890830356 0.46370319457207
59.5 128 -2.8534890831383 0.46387735528098
59.6 128 -2.8534890832405 0.46405028843786
59.7 128 -2.8534890833416 0.46422191128063
59.8 128 -2.853489083442 0.46439212537437
59.9 128 -2.853489083542 0.46456081741698
60 128 -2.8534890836426 0.4647278590462
60.1 128 -2.8534890837442 0.4648931079911
60.2 128 -2.8534890838459 0.46505640876069
60.3 128 -2.8534890839477 0.46521759372571
60.4 128 -2.8534890840494 0.46537648444375
60.5 128 -2.8534890841515 0.4655328931828
60.6 128 -2.8534890842529 0.46568662464262
60.7 128 -2.8534890843549 0.46583747781917
60.8 128 -2.8534890844603 0.46598524806841
60.9 128 -2.8534890845664 0.46612972929505
61 128 -2.8534890846732 0.46627071621207
61.1 128 -2.8534890847806 0.46640800669143
61.2 128 -2.8534890848891 0.46654140415819
61.3 128 -2.8534890849972 0.46667071998094
61.4 128 -2.8534890851059 0.46679577581816
61.5 128 -2.8534890852152 0.46691640598003
61.6 128 -2.8534890853253 0.46703245963368
61.7 128 -2.853489085514 0.46714380179264
61.8 128 -2.8534890856999 0.46725031827127
61.9 128 -2.8534890858825 0.46735191459979
62 128 -2.8534890860983 0.46744852096326
62.1 128 -2.8534890863078 0.46754008538142
62.2 128 -2.8534890865118 0.46762658260738
62.3 128 -2.8534890867107 0.46770801204347
62.4 128 -2.853489086905 0.4677843980143
62.5 128 -2.853489087096 0.4678557897187
62.6 128 -2.8534890872843 0.46792226070176
62.7 128 -2.8534890874709 0.46798390864692
62.8 128 -2.8534890876188 0.46804085075051
62.9 128 -2.8534890877652 0.46809323191216
63 128 -2.8534890879094 0.46814121410743
63.1 128 -2.8534890880518 0.46818497743281
63.2 128 -2.8534890881931 0.46822471822327
63.3 128 -2.8534890883335 0.46826064680974
63.4 128 -2.8534890884673 0.46829298522001
63.5 128 -2.8534890886008 0.46832196465682
63.6 128 -2.853489088734 0.46834782303437
63.7 128 -2.8534890888668 0.4683708024516
63.8 128 -2.8534890889987 0.46839114671255
63.9 128 -2.8534890891299 0.46840909891763
64 128 -2.8534890892602 0.46842489917283
64.1 128 -2.8534890893892 0.46843878246147
64.2 128 -2.8534890895168 0.46845097668875
64.3 128 -2.8534890896434 0.46846170088736
64.4 128 -2.85348908977 0.46847116359181
64.5 128 -2.8534890898978 0.46847956143209
64.6 128 -2.853489090028 0.4684870779945
64.7 128 -2.8534890901618 0.46849388296219
64.8 128 -2.8534890903 0.4685001315289
64.9 128 -2.8534890904442 0.46850596407941
65 128 -2.8534890905965 0.46851150610234
65.1 128 -2.8534890907546 0.46851686849521
65.2 128 -2.8534890909498 0.46852214524716
65.3 128 -2.8534890911503 0.46852742195143
65.4 128 -2.8534890913559 0.46853276868673
65.5 128 -2.8534890915663 0.46853824356088
65.6 128 -2.8534890917809 0.46854389374001
65.7 128 -2.8534890919996 0.46854975656555
65.8 128 -2.8534890922211 0.46855586072695
65.9 128 -2.8534890924453 0.46856222746578
66 128 -2.8534890927101 0.46856887658198
66.1 128 -2.8534890929664 0.46857581316323
66.2 128 -2.8534890932232 0.46858304301048
66.3 128 -2.853489093476 0.46859056910952
66.4 128 -2.8534890937235 0.46859839235877
66.5 128 -2.8534890939651 0.46860651268902
66.6 128 -2.8534890941708 0.46861493196027
66.7 128 -2.85348909437 0.46862364751314
66.8 128 -2.8534890945644 0.4686326598944
66.9 128 -2.8534890947531 0.46864197075807
67 128 -2.8534890949373 0.4686515832329
67.1 128 -2.8534890951178 0.46866150214721
67.2 128 -2.8534890952957 0.46867173401546
67.3 128 -2.8534890954724 0.46868228689757
67.4 128 -2.8534890956726 0.46869316842624
67.5 128 -2.8534890958742 0.46870439203801
67.6 128 -2.8534890960783 0.46871597033264
67.7 128 -2.853489096286 0.46872791705656
67.8 128 -2.8534890965005 0.4687402469051
67.9 128 -2.8534890966877 0.46875297738241
68 128 -2.8534890968798 0.46876612260092
68.1 128 -2.8534890970768 0.46877969921572
68.2 128 -2.8534890972789 0.46879372433896
68.3 128 -2.8534890974857 0.46880821552571
68.4 128 -2.8534890977154 0.46882318883174
68.5 128 -2.8534890979494 0.46883866488331
68.6 128 -2.8534890981875 0.46885466304932
68.7 128 -2.8534890984345 0.46887120368756
68.8 128 -2.8534890986849 0.46888830827077
68.9 128 -2.8534890989388 0.46890599978078
69 128 -2.8534890991964 0.46892430296744
69.1 128 -2.853489099458 0.46894324465281
69.2 128 -2.8534890997243 0.46896285403194
69.3 128 -2.8534890999959 0.46898316294812
69.4 128 -2.8534891002736 0.46900420618969
69.5 128 -2.8534891005585 0.46902602166993
69.6 128 -2.8534891008509 0.46904865060246
69.7 128 -2.8534891011516 0.46907213759255
69.8 128 -2.8534891014528 0.46909653067275
69.9 128 -2.8534891017683 0.4691218811428
70 128 -2.8534891020914 0.46914824352403
70.1 128 -2.8534891024211 0.46917567522605
70.2 128 -2.8534891027559 0.46920423621506
70.3 128 -2.8534891030943 0.46923398857551
70.4 128 -2.853489103433 0.46926499599015
70.5 128 -2.8534891037718 0.46929732313969
70.6 128 -2.8534891041096 0.46933103504849
70.7 128 -2.8534891044408 0.4693661963658
70.8 128 -2.8534891047697 0.46940287063584
70.9 128 -2.8534891050949 0.46944111955267
71 128 -2.8534891054206 0.46948100224759
71.1 128 -2.8534891057469 0.46952257412069
71.2 128 -2.8534891060767 0.46956588656372
71.3 128 -2.8534891064144 0.46961098612051
71.4 128 -2.8534891067585 0.46965791377005
71.5 128 -2.853489107111 0.46970670440728
71.6 128 -2.8534891074743 0.4697573863158
71.7 128 -2.8534891078498 0.46980998074423
71.8 128 -2.853489108239 0.4698645015823
71.9 128 -2.8534891086431 0.4699209551482
72 128 -2.8534891089682 0.46997933532531
72.1 128 -2.8534891092926 0.47003963721441
72.2 128 -2.8534891096155 0.4701018443099
72.3 128 -2.8534891099366 0.47016593278076
72.4 128 -2.8534891102555 0.47023187180184
72.5 128 -2.8534891105725 0.47029962394876
72.6 128 -2.8534891108869 0.47036914570217
72.7 128 -2.8534891112015 0.47044038793315
72.8 128 -2.8534891115048 0.4705132965808
72.9 128 -2.8534891118132 0.47058781329653
73 128 -2.8534891121185 0.47066387600288
73.1 128 -2.8534891124267 0.47074141967594
73.2 128 -2.8534891127321 0.47082037690379
73.3 128 -2.853489113041 0.47090067865498
73.4 128 -2.853489113348 0.47098225485889
73.5 128 -2.8534891136196 0.47106503633151
73.6 128 -2.8534891138899 0.47114895138802
73.7 128 -2.8534891141595 0.47123393022857
73.8 128 -2.8534891144289 0.47131990405457
73.9 128 -2.8534891146987 0.47140680540311
74 128 -2.8534891149694 0.47149456839871
74.1 128 -2.8534891152414 0.47158312892922
74.2 128 -2.8534891155149 0.47167242472844
74.3 128 -2.8534891157903 0.47176239538661
74.4 128 -2.8534891160676 0.47185298228391
74.5 128 -2.8534891163471 0.47194412845229
74.6 128 -2.8534891166289 0.47203577836785
74.7 128 -2.8534891169128 0.47212787767728
74.8 128 -2.8534891171992 0.47222037286409
74.9 128 -2.8534891174882 0.4723132108629
75 128 -2.8534891177798 0.47240633862967
75.1 128 -2.8534891180739 0.47249970267838
75.2 128 -2.8534891183708 0.47259324859055
75.3 128 -2.8534891186705 0.47268692050697
75.4 128 -2.8534891189731 0.47278066061123
75.5 128 -2.8534891192789 0.47287440861178
75.6 128 -2.8534891195878 0.47296810127781
75.7 128 -2.8534891199009 0.47306167176791
75.8 128 -2.853489120217 0.47315504944109
75.9 128 -2.8534891205358 0.47324815923189
76 128 -2.8534891208567 0.47334092130914
76.1 128 -2.8534891211791 0.47343325073338
76.2 128 -2.8534891215025 0.4735250571704
76.3 128 -2.8534891218272 0.47361624466738
76.4 128 -2.8534891221517 0.47370671149872
76.5 128 -2.8534891224712 0.47379635008853
76.6 128 -2.8534891227902 0.473885047004
76.7 128 -2.8534891231086 0.47397268309833
76.8 128 -2.8534891234262 0.47405913353154
76.9 128 -2.8534891237427 0.47414426820836
77 128 -2.8534891240581 0.47422795207217
77.1 128 -2.853489124372 0.47431004557639
77.2 128 -2.8534891246845 0.47439040524671
77.3 128 -2.8534891249954 0.47446888434155
77.4 128 -2.8534891253047 0.47454533360916
77.5 128 -2.853489125612 0.47461960213627
77.6 128 -2.8534891259184 0.47469153828511
77.7 128 -2.853489126224 0.47476099071483
77.8 128 -2.853489126529 0.47482780946411
77.9 128 -2.8534891268342 0.47489184714277
78 128 -2.8534891271387 0.4749529601305
78.1 128 -2.8534891274443 0.47501100979455
78.2 128 -2.8534891277516 0.47506586382284
78.3 128 -2.853489128061 0.47511739750427
78.4 128 -2.8534891283728 0.47516549502013
78.5 128 -2.8534891286874 0.47521005071115
78.6 128 -2.853489129005 0.47525097030084
78.7 128 -2.8534891293257 0.47528817206039
78.8 128 -2.8534891296509 0.47532158784608
78.9 128 -2.8534891299793 0.47535116415297
79 128 -2.8534891303107 0.47537686289476
79.1 128 -2.8534891306451 0.47539866213482
79.2 128 -2.8534891309824 0.47541655664051
79.3 128 -2.8534891313226 0.47543055826778
79.4 128 -2.8534891316653 0.47544069616453
79.5 128 -2.8534891320103 0.47544701678432
79.6 128 -2.8534891323577 0.47544958370325
79.7 128 -2.853489132754 0.47544847585876
79.8 128 -2.8534891331506 0.47544379113083
79.9 128 -2.8534891335026 0.47543563769088
80 128 -2.8534891338518 0.47542414550922
80.1 128 -2.8534891342011 0.47540945418201
80.2 128 -2.8534891345476 0.47539171530307
80.3 128 -2.8534891348911 0.47537109097335
80.4 128 -2.8534891352314 0.47534775221655
80.5 128 -2.8534891355688 0.47532187728298
80.6 128 -2.8534891359064 0.47529364986188
80.7 128 -2.8534891362458 0.47526325731509
80.8 128 -2.8534891365824 0.47523088876184
80.9 128 -2.8534891369171 0.47519673327519
81 128 -2.853489137248 0.47516097809816
81.1 128 -2.8534891375568 0.4751238068234
81.2 128 -2.8534891379577 0.47508539877165
81.3 128 -2.853489138335 0.47504592454905
81.4 128 -2.8534891386967 0.47500554760061
81.5 128 -2.8534891390454 0.47496442198036
81.6 128 -2.853489139383 0.47492269118826
81.7 128 -2.8534891397175 0.47488048731717
81.8 128 -2.8534891400464 0.47483793033857
81.9 128 -2.8534891403729 0.474795127631
82 128 -2.8534891407 0.4747521737914
82.1 128 -2.8534891410275 0.4747091506312
82.2 128 -2.8534891413587 0.47466612691896
82.3 128 -2.853489141706 0.47462315892945
82.4 128 -2.8534891420634 0.4745802912214
82.5 128 -2.8534891424328 0.47453755719301
82.6 128 -2.8534891428114 0.47449497999649
82.7 128 -2.8534891432002 0.47445257339909
82.8 128 -2.8534891436033 0.47441034307804
82.9 128 -2.8534891440199 0.47436828769355
83 128 -2.8534891444499 0.47432640027286
83.1 128 -2.8534891448393 0.47428466914673
83.2 128 -2.8534891452289 0.47424307984852
83.3 128 -2.8534891456185 0.47420161638786
83.4 128 -2.8534891460078 0.47416026250503
83.5 128 -2.8534891463972 0.47411900286103
83.6 128 -2.8534891467866 0.47407782439245
83.7 128 -2.8534891471475 0.4740367174311
83.8 128 -2.8534891475081 0.47399567681195
83.9 128 -2.8534891478681 0.47395470289744
84 128 -2.8534891482277 0.47391380239356
84.1 128 -2.853489148589 0.47387298916192
84.2 128 -2.8534891489498 0.47383228481349
84.3 128 -2.8534891493103 0.4737917192889
84.4 128 -2.8534891496703 0.47375133124036
84.5 128 -2.8534891500285 0.4737111682788
84.6 128 -2.853489150392 0.47367128727097
84.7 128 -2.8534891507546 0.47363175415528
84.8 128 -2.8534891511169 0.47359264403699
84.9 128 -2.8534891514788 0.47355404096778
85 128 -2.8534891518406 0.47351603766543
85.1 128 -2.8534891522017 0.47347873515284
85.2 128 -2.8534891525658 0.47344224222784
85.3 128 -2.853489152932 0.47340667492898
85.4 128 -2.853489153301 0.47337215587775
85.5 128 -2.8534891536735 0.47333881354281
85.6 128 -2.8534891540881 0.47330678134024
85.7 128 -2.8534891544986 0.47327619683592
85.8 128 -2.8534891549168 0.47324720055044
85.9 128 -2.85348915534 0.47321993511874
86 128 -2.8534891557682 0.47319454398353
86.1 128 -2.8534891562036 0.47317117018669
86.2 128 -2.8534891566434 0.47314995505633
86.3 128 -2.8534891570759 0.47313103685362
86.4 128 -2.8534891575118 0.47311454924119
86.5 128 -2.853489157951 0.47310061985228
86.6 128 -2.8534891583937 0.47308936869568
86.7 128 -2.8534891588399 0.47308090654342
86.8 128 -2.8534891592898 0.47307533328474
86.9 128 -2.8534891597435 0.47307273626011
87 128 -2.8534891602033 0.47307318858303
87.1 128 -2.8534891606677 0.47307674751298
87.2 128 -2.8534891611331 0.47308345301042
87.3 128 -2.8534891616059 0.47309332566096
87.4 128 -2.8534891620838 0.473106365581
87.5 128 -2.8534891625665 0.47312255107318
87.6 128 -2.8534891630564 0.4731418372169
87.7 128 -2.853489163547 0.4731641550991
87.8 128 -2.8534891639918 0.47318940327249
87.9 128 -2.8534891644323 0.47321746938974
88 128 -2.8534891648745 0.47324820753248
88.1 128 -2.8534891653183 0.47328144541702
88.2 128 -2.8534891657633 0.47331698451526
88.3 128 -2.8534891662091 0.47335460044312
88.4 128 -2.8534891667207 0.47339404581892
88.5 128 -2.8534891672189 0.47343504440643
88.6 128 -2.8534891677014 0.47347729956951
88.7 128 -2.8534891681743 0.47352049353436
88.8 128 -2.8534891686395 0.47356428914146
88.9 128 -2.8534891690988 0.47360833208214
89 128 -2.8534891695571 0.47365225339738
89.1 128 -2.8534891700153 0.47369567211366
89.2 128 -2.8534891704758 0.47373819820752
89.3 128 -2.8534891709402 0.4737794356054
89.4 128 -2.8534891714174 0.47381898512986
89.5 128 -2.8534891718999 0.47385644809368
89.6 128 -2.8534891723892 0.47389142978456
89.7 128 -2.853489172886 0.47392354294405
89.8 128 -2.8534891733897 0.47395241112166
89.9 128 -2.8534891739014 0.47397767184569
90 128 -2.8534891744208 0.47399897984041
90.1 128 -2.8534891749562 0.47401600996592
90.2 128 -2.8534891754985 0.47402846000523
90.3 128 -2.8534891760468 0.47403605315519
90.4 128 -2.8534891766003 0.47403854027124
90.5 128 -2.8534891771581 0.47403570179648
90.6 128 -2.8534891777193 0.47402734935436
90.7 128 -2.8534891782963 0.47401332697874
90.8 128 -2.8534891788757 0.47399351197859
90.9 128 -2.8534891794562 0.47396781540633
91 128 -2.853489180037 0.47393618215285
91.1 128 -2.8534891806194 0.47389859066315
91.2 128 -2.8534891812012 0.47385505229954
91.3 128 -2.8534891817896 0.47380561035337
91.4 128 -2.8534891823777 0.47375033871841
91.5 128 -2.8534891829663 0.47368934031217
91.6 128 -2.8534891835419 0.473622745211
91.7 128 -2.8534891841217 0.47355070856036
91.8 128 -2.8534891847079 0.47347340830991
91.9 128 -2.8534891853097 0.47339104277671
92 128 -2.8534891859236 0.47330382815741
92.1 128 -2.8534891865521 0.47321199588356
92.2 128 -2.8534891871376 0.47311578858795
92.3 128 -2.8534891877244 0.47301546130631
92.4 128 -2.8534891883142 0.47291127540794
92.5 128 -2.8534891889063 0.47280349720021
92.6 128 -2.8534891894963 0.47269239552258
92.7 128 -2.8534891900885 0.47257823956334
92.8 128 -2.8534891906832 0.47246129675071
92.9 128 -2.8534891912779 0.4723418309168
93 128 -2.8534891918757 0.47222010055706
93.1 128 -2.8534891924817 0.47209635744469
93.2 128 -2.8534891930971 0.47197084539376
93.3 128 -2.8534891937174 0.47184379909978
93.4 128 -2.8534891943257 0.47171544353306
93.5 128 -2.8534891949503 0.47158599310221
93.6 128 -2.8534891955766 0.47145565150569
93.7 128 -2.8534891962042 0.47132461130308
93.8 128 -2.8534891968329 0.47119305390646
93.9 128 -2.8534891974625 0.47106114966123
94 128 -2.8534891981003 0.4709290580742
94.1 128 -2.8534891987384 0.47079692809702
94.2 128 -2.8534891993765 0.47066489859992
94.3 128 -2.8534892000167 0.47053309885827
94.4 128 -2.8534892006577 0.47040164915148
94.5 128 -2.853489201298 0.47027066128938
94.6 128 -2.8534892019761 0.47014024422435
94.7 128 -2.853489202652 0.47001048981829
94.8 128 -2.8534892033264 0.46988148826484
94.9 128 -2.8534892040001 0.46975332373548
95 128 -2.8534892046879 0.46962607497663
95.1 128 -2.8534892053773 0.46949981568212
95.2 128 -2.8534892060569 0.46937461508437
95.3 128 -2.8534892067386 0.46925053837065
95.4 128 -2.8534892074228 0.46912764701114
95.5 128 -2.8534892081097 0.46900599914538
95.6 128 -2.8534892088023 0.46888564966298
95.7 128 -2.8534892094979 0.46876665069102
95.8 128 -2.8534892101974 0.46864905165751
95.9 128 -2.8534892109006 0.46853289933437
96 128 -2.8534892116021 0.4684182380456
96.1 128 -2.8534892123072 0.46830510976234
96.2 128 -2.8534892130142 0.46819355407335
96.3 128 -2.8534892137235 0.46808360824505
96.4 128 -2.8534892144352 0.46797530722072
96.5 128 -2.8534892151488 0.46786868362202
96.6 128 -2.8534892158636 0.46776376774396
96.7 128 -2.8534892165515 0.4676605874908
96.8 128 -2.8534892172403 0.46755916854624
96.9 128 -2.8534892179299 0.46745953420393
97 128 -2.8534892186406 0.4673617042354
97.1 128 -2.8534892193521 0.46726569847176
97.2 128 -2.8534892200654 0.46717153333742
97.3 128 -2.8534892207795 0.46707922306253
97.4 128 -2.8534892214946 0.46698877974851
97.5 128 -2.8534892221735 0.46690021353195
97.6 128 -2.8534892228686 0.46681353384513
97.7 128 -2.8534892235657 0.46672874569737
97.8 128 -2.8534892242651 0.46664585376154
97.9 128 -2.853489224967 0.46656486121586
98 128 -2.8534892256717 0.46648576992555
98.1 128 -2.8534892263776 0.46640858063894
98.2 128 -2.8534892270868 0.46633329321103
98.3 128 -2.8534892277988 0.46625990681751
98.4 128 -2.8534892285145 0.46618842022036
98.5 128 -2.853489229257 0.46611883202661
98.6 128 -2.8534892300037 0.46605114086821
98.7 128 -2.8534892307535 0.46598534575552
98.8 128 -2.8534892315061 0.46592144630796
98.9 128 -2.8534892322662 0.46585944300517
99 128 -2.8534892330287 0.46579933748966
99.1 128 -2.8534892337934 0.46574113277751
99.2 128 -2.853489234596 0.46568483504901
99.3 128 -2.8534892353863 0.4656304490001
99.4 128 -2.8534892361636 0.46557798332883
99.5 128 -2.8534892369845 0.46552745053421
99.6 128 -2.8534892377998 0.46547886255874
99.7 128 -2.8534892386143 0.46543223535644
99.8 128 -2.8534892394311 0.46538758749622
99.9 128 -2.8534892402544 0.4653449401651
100 128 -2.8534892410882 0.46530431714677
